t x y z s fx fy fz dx dy dz ddx ddy ddz
0 0.0680963 0.115718 0.627871 1 -0.00348826 -0.000633969 0.000178792 0 0 0 -0.0533868 -0.00970271 0.00273636
0.567773 0.0508862 0.11259 0.628753 0.923085 -0.0253213 -0.00348748 -0.00268839 -0.0303116 -0.00550894 0.00155363 -0.0671227 0.0720163 -0.0982547
0.742506 0.0435404 0.113826 0.626025 0.900626 -0.0753334 -0.0199038 -0.00714145 -0.0420401 0.00707468 -0.0156147 -0.699531 -0.194942 -0.113261
0.86917 0.0269923 0.111595 0.62223 0.884689 -0.0487521 -0.0102735 -0.00306996 -0.130646 -0.0176175 -0.0299608 0.0850608 0.0349004 0.0181753
1.23636 -0.00951062 0.109832 0.613679 0.840063 -0.0568739 -0.0152543 -0.0005584 -0.0994124 -0.00480255 -0.0232871 0.485677 0.00871927 0.154276
1.30803 -0.014141 0.109532 0.612803 0.831618 -0.150733 -0.0480515 -0.0163341 -0.0646006 -0.00417758 -0.012229 -0.925899 -0.481821 -0.0934426
1.50632 -0.0633543 0.0897598 0.606704 0.808695 -0.130837 -0.06611 -0.0112897 -0.248193 -0.0997159 -0.0307574 0.387745 -0.303955 0.0901004
1.76814 -0.101757 0.0428162 0.604827 0.779393 -0.164827 -0.101048 -0.0143245 -0.146674 -0.179297 -0.00716731 0.32223 0.0153842 0.0242774
2.03687 -0.117902 -0.00425605 0.604654 0.750421 -0.144902 -0.182919 -0.00505934 -0.06008 -0.175163 -0.000643165 0.761576 -0.496501 0.144167
2.23673 -0.0994912 -0.0590934 0.610284 0.729576 -0.175788 -0.0820802 -0.00102769 0.0921225 -0.27439 0.028169 -0.19704 2.04088 0.0690276
2.31154 -0.093702 -0.0681985 0.612778 0.721922 -0.00932361 -0.286331 0.0466578 0.077381 -0.121702 0.0333333 2.28377 -1.14782 0.749476
2.46815 -0.0255729 -0.115409 0.636379 0.70616 -0.110864 -0.204407 -0.00194676 0.435034 -0.301458 0.150706 -0.799374 1.08895 -0.524788
2.77217 0.0328015 -0.106407 0.633691 0.676536 0.0776958 -0.105569 0.103563 0.192007 0.0296075 -0.00884116 1.53173 2.03762 1.33357
2.80422 0.0405285 -0.103366 0.634778 0.673487 -0.0587578 -0.193631 0.00396695 0.241098 0.0949115 0.0338985 -0.741493 0.556691 -0.267495
2.83646 0.0475304 -0.0997272 0.635593 0.670433 -0.0208066 -0.215383 0.0179891 0.217194 0.112858 0.025275 -0.234486 0.146316 -0.0552032
3.12942 0.0910352 -0.0541051 0.638259 0.64331 4.86313 10.3902 0.820758 0.148497 0.155724 0.00910226 73.9464 161.729 12.1976
3.13881 0.0989465 -0.0383891 0.63942 0.642459 0.00235005 -0.201574 0.0188758 0.842708 1.67404 0.123614 -1.51761 -2.69276 -0.249908
3.67492 0.114554 0.0851537 0.633864 0.595698 0.00195011 0.0172257 -0.0164908 0.0291134 0.230446 -0.0103628 -0.639438 0.783803 -0.547977
3.7365 0.113922 0.102316 0.631148 0.590549 0.0312608 -0.0357887 0.0109528 -0.0102625 0.278711 -0.0441067 -0.126235 -0.351624 -0.0429782
4.0044 0.102113 0.151748 0.616247 0.568663 -0.0287866 -0.117555 0.0108685 -0.0440817 0.184509 -0.0556209 -0.813784 -2.21069 0.18775
4.04444 0.0990433 0.155591 0.614321 0.565463 -0.00801687 0.00990491 -0.00970143 -0.076663 0.0959997 -0.048104 -0.403688 -0.194715 -0.109608
4.2425 0.0680236 0.166967 0.600494 0.549894 -0.0334938 0.0104808 -0.0111203 -0.156617 0.0574345 -0.0698129 -0.206267 -0.293042 0.101618
4.47401 0.020709 0.164557 0.589778 0.532239 -0.0642826 0.0154026 -0.0223861 -0.204371 -0.0104086 -0.0462871 0.115587 -0.0719018 0.0514768
5.0744 -0.0603275 0.13239 0.580543 0.489048 -0.141316 -0.0423015 -0.0270398 -0.134974 -0.0535776 -0.015381 0.090571 -0.364344 0.0559845
5.27576 -0.0838338 0.106828 0.579716 0.475362 -0.0915932 -0.00673951 -0.0532548 -0.116736 -0.126943 -0.00410778 1.18912 0.684016 -0.355382
5.33971 -0.0864361 0.101507 0.578 0.471096 -0.163426 -0.0693758 -0.0231056 -0.040692 -0.0832003 -0.0268344 0.0263383 -0.249181 0.161116
5.67312 -0.0970753 0.0460686 0.586963 0.449468 -0.134176 -0.144374 -0.00486633 -0.0319106 -0.166279 0.0268828 0.629168 -0.41512 0.21789
5.97236 -0.0502849 -0.0408614 0.614519 0.430903 -0.112023 -0.185344 0.0062232 0.156363 -0.290501 0.0920845 -0.0018791 0.475215 -0.133385
6.34532 0.00777102 -0.0831043 0.630309 0.408834 0.0921631 0.0661485 -0.0477248 0.155662 -0.113264 0.0423372 2.24001 4.74821 -1.14451
6.37233 0.0136085 -0.0827002 0.630617 0.40728 -0.0830563 -0.213441 0.0239421 0.216156 0.0149661 0.0114286 -0.613505 0.288867 -0.0109197
6.44051 0.0254935 -0.0803372 0.631346 0.403385 -0.0355552 -0.208133 0.0242428 0.17433 0.0346597 0.0106842 -0.0103689 0.310523 -0.0185469
6.708 0.0713845 -0.0488463 0.632877 0.388458 0.0204712 -0.15625 0.0294282 0.171556 0.117724 0.0057229 0.151559 0.522495 0.0361257
6.9763 0.128321 0.0203483 0.637012 0.374041 0.0117808 -0.141813 -0.00641557 0.212219 0.257906 0.0154152 -0.905601 -0.494326 -0.596794
7.07574 0.14047 0.0411066 0.632644 0.368835 0.0390934 -0.0675562 0.0262229 0.122165 0.20875 -0.0439306 -0.549189 0.396475 0.0480175
7.31 0.138949 0.111768 0.624988 0.356854 0.0448561 -0.0501927 0.0142095 -0.00649053 0.30163 -0.0326819 -0.259189 -0.535469 -0.0405291
7.64989 0.106801 0.152429 0.609198 0.34016 -0.0479949 0.029196 -0.0309879 -0.094585 0.119631 -0.0464571 -1.06427 0.321572 -0.480744
7.71634 0.0958165 0.161798 0.603988 0.336988 0.00256779 0.00680099 -0.00219676 -0.165306 0.141 -0.0784027 -0.024855 -0.190939 0.0816503
7.94456 0.0567955 0.184032 0.590347 0.32632 -0.026017 0.0153581 -0.0129324 -0.170978 0.0974232 -0.0597683 0.144786 -0.330903 0.0948446
8.30882 0.0137261 0.175614 0.581161 0.309987 -0.0554795 0.0123322 -0.0167933 -0.118239 -0.0231105 -0.0252205 0.284137 -0.0685193 0.120254
8.41031 0.00465233 0.172562 0.57984 0.305584 -0.131897 -0.0248321 -0.0219205 -0.0894003 -0.0300649 -0.0130152 -0.785133 -0.577079 0.0429189
8.54564 -0.0218232 0.157926 0.578864 0.29981 -0.0982812 -0.0119882 -0.0244612 -0.195647 -0.108157 -0.00720726 0.281159 -0.0443516 0.00789609
8.98367 -0.0535762 0.10204 0.577222 0.281858 -0.079215 -0.0376017 -0.0420129 -0.0724897 -0.127585 -0.00374851 0.893966 0.461892 -0.250015
9.05816 -0.0540153 0.0950989 0.575556 0.278914 -0.131346 -0.10875 -0.0152831 -0.00589468 -0.0931764 -0.0223731 0.0122691 -0.565203 0.208492
9.21666 -0.0546414 0.0661331 0.577247 0.272752 -0.114472 -0.123955 -0.0176736 -0.00395012 -0.182757 0.0106715 0.278688 -0.226363 0.0974635
9.51633 -0.0307977 -0.0089629 0.589198 0.26147 -0.0760939 -0.1578 -0.010946 0.0795654 -0.250592 0.0398787 0.389082 0.508093 -0.0285397
9.781 0.017517 -0.0396951 0.597753 0.251894 -0.0120054 -0.137351 0.0139426 0.182545 -0.116114 0.032325 0.49146 1.11603 0.226609
9.84685 0.0316682 -0.0425019 0.600864 0.249567 0.0114915 -0.166469 0.0102944 0.214907 -0.0426253 0.0472468 0.590663 0.614872 0.101477
9.97611 0.0693151 -0.0377385 0.608667 0.245061 -0.00957843 -0.173701 0.00630749 0.291254 0.0368518 0.0603635 -0.411584 0.326591 -0.0993407
10.2451 0.11788 -0.00419322 0.617716 0.235943 -0.0459004 -0.2021 0.00621561 0.180539 0.124704 0.033641 -1.55735 -0.733415 -0.207582
10.3119 0.12299 0.000864597 0.619037 0.233731 0.0534035 -0.125755 0.0186949 0.0764936 0.0757055 0.0197726 0.0271236 0.426703 -0.0190171
10.6804 0.154859 0.0866973 0.623741 0.221901 0.0590661 -0.079844 0.0134536 0.0864881 0.232937 0.0127651 -0.385253 -0.388763 -0.168011
10.9467 0.150566 0.12116 0.615222 0.213724 0.026161 -0.00307837 0.00337088 -0.0161214 0.129393 -0.0319833 -0.681027 0.407848 -0.135103
11.0815 0.13602 0.14601 0.608457 0.209702 0.0304918 -0.0133669 0.00118363 -0.107915 0.184366 -0.0501935 -0.265664 -0.201531 -0.0422774
11.3876 0.0780948 0.183562 0.589131 0.200846 -0.0139776 0.00438901 -0.0132792 -0.189235 0.122677 -0.0631347 0.0533815 -0.411994 0.0450859
11.715 0.0218733 0.179576 0.573296 0.191789 -0.0139379 -0.00672028 -0.0126703 -0.171762 -0.0121777 -0.0483771 0.892351 -0.328173 0.271667
11.8145 0.0136179 0.175108 0.571173 0.189116 -0.0951901 -0.00544581 -0.0289421 -0.0828961 -0.0448593 -0.0213227 -0.345952 -0.193125 0.0166529
11.9801 -0.0095933 0.162386 0.568099 0.184753 -0.0586498 0.0036754 -0.0291288 -0.14018 -0.0768373 -0.0185653 0.647823 0.188937 0.0547167
12.08 -0.017132 0.156595 0.56679 0.182169 -0.113966 -0.0313429 -0.0290165 -0.0754575 -0.0579612 -0.0130987 -0.171469 -0.281871 0.0675871
12.3812 -0.0554047 0.113579 0.568975 0.174598 -0.124993 -0.0556026 -0.0324753 -0.127093 -0.142843 0.00725436 0.317725 0.128263 -0.050728
12.7482 -0.0592466 0.0784281 0.564802 0.165794 -0.114494 -0.139851 -0.0195011 -0.0104665 -0.0957618 -0.0113663 0.379332 -0.679588 0.232434
12.9478 -0.0462297 0.0322564 0.57179 0.161195 -0.0933815 -0.110183 -0.00926733 0.0652303 -0.231376 0.0350165 0.400543 0.670929 0.216142
13.08 -0.0306046 0.0133938 0.580198 0.158219 -0.122213 -0.127742 -0.0226864 0.118185 -0.142673 0.0635922 -0.351738 0.572172 -0.158629
13.1801 -0.0222962 0.00484387 0.584975 0.156001 -0.0807266 -0.166349 -0.0105382 0.082958 -0.0853692 0.0477052 0.204708 0.0357248 -0.0252743
13.5165 0.0287574 -0.0198262 0.598161 0.148778 -0.110047 -0.109017 -0.0218284 0.151804 -0.0733545 0.0392051 -1.11817 1.28087 -0.392123
13.5817 0.0339018 -0.019161 0.599049 0.147416 -0.0269585 -0.178711 0.00372324 0.0788656 0.0101968 0.0136269 0.174853 0.0909109 0.0196123
13.7161 0.0476611 -0.0161481 0.601235 0.144649 -0.00459462 -0.166307 0.00931687 0.102368 0.0224161 0.016263 0.274932 0.220434 0.0666657
14.0176 0.103511 0.0106452 0.612198 0.138631 0.00199545 -0.160799 0.0198114 0.185254 0.0888725 0.0363614 -0.591231 -0.190837 0.0287485
14.2481 0.114802 0.020991 0.622105 0.134199 0.144397 -0.0149563 -0.00500429 0.0489872 0.0448883 0.0429874 1.60282 1.94715 -0.514143
14.3875 0.152817 0.0651327 0.618099 0.131587 0.0362595 -0.123023 0.0221798 0.272546 0.316475 -0.0287248 -0.939501 -0.751748 0.0599776
14.6161 0.166034 0.0981956 0.614667 0.127415 0.00819661 0.203247 0.00704818 0.057832 0.14467 -0.0150174 -1.27651 3.97468 -0.140094
14.69 0.16333 0.130628 0.61279 0.126094 0.0743251 -0.0945911 0.0105519 -0.0365622 0.438585 -0.025377 -0.0935766 -1.48115 -0.0442821
14.8482 0.155203 0.162942 0.607667 0.123313 0.0637103 -0.026688 0.00719844 -0.0513674 0.204247 -0.032383 -0.110823 -0.613162 -0.00910257
15.0523 0.140105 0.179088 0.600679 0.119816 0.0360907 0.00121441 -0.000251317 -0.0739835 0.0791156 -0.0342406 -0.270794 -0.258753 -0.0155179
15.2484 0.115183 0.184652 0.593368 0.116549 -0.151263 0.0117539 -0.050273 -0.127086 0.0283739 -0.0372837 -2.68342 -0.110175 -0.666783
15.3482 0.0757991 0.186386 0.583012 0.114922 0.0405261 -0.00292731 -0.00182117 -0.394784 0.0173828 -0.103802 1.22139 -0.34488 0.323422
15.5204 0.0440364 0.179148 0.574728 0.112165 -0.0448314 0.00138404 -0.0236074 -0.184398 -0.042023 -0.0480924 0.113703 -0.0842843 0.0390267
16.184 -0.0282569 0.114156 0.56 0.10215 -0.0461567 -0.10911 -0.0344429 -0.108953 -0.0979481 -0.0221971 1.09859 -0.695017 0.0577555
16.2216 -0.0308006 0.10949 0.559247 0.10161 -0.113887 -0.0829462 -0.03328 -0.0676379 -0.124086 -0.020025 0.0444901 -0.186901 0.0838158
16.3296 -0.0375899 0.093899 0.558062 0.100074 -0.0898224 -0.0457482 -0.0634091 -0.0628304 -0.144282 -0.0109682 0.510421 0.650057 -0.372389
16.3874 -0.0395161 0.0877332 0.556185 0.0992621 -0.119324 -0.100405 -0.0358473 -0.0333424 -0.106727 -0.0324819 0.0481853 -0.142761 0.107168
16.7177 -0.0452722 0.036907 0.557148 0.0947465 -0.0817551 -0.162347 -0.02467 -0.0174269 -0.15388 0.00291544 0.690387 -0.24423 0.212604
16.9207 -0.020345 -0.00440923 0.566506 0.092073 -0.103181 -0.00152677 -0.0585877 0.12276 -0.203472 0.046086 -0.210388 2.91974 -0.510255
16.9585 -0.0160142 -0.00793008 0.567519 0.0915848 -0.0756526 -0.178082 -0.0260737 0.114825 -0.093351 0.0268411 0.155598 0.121192 -0.00205081
17.2213 0.0249186 -0.0240943 0.574432 0.0882534 -0.0357421 -0.179793 -0.0166076 0.155725 -0.0614951 0.026302 0.0846366 0.301817 0.0359567
17.6202 0.100491 -0.000610464 0.590642 0.0834287 -0.000637974 -0.138485 -0.0169606 0.189481 0.0588808 0.0406429 -0.579948 0.414219 -0.239767
17.7201 0.113639 0.00941882 0.592309 0.082261 0.0528384 -0.118892 0.00196814 0.13149 0.1003 0.0166678 0.116883 0.504963 0.0566135
17.9521 0.150433 0.0598635 0.599222 0.0796144 -0.00974749 -0.0832789 -0.0103396 0.158606 0.217445 0.0298015 -1.44069 0.120013 -0.256969
18.0199 0.154566 0.0751481 0.600062 0.0788576 0.114778 0.103357 0.0266781 0.0609877 0.225577 0.0123898 0.535676 2.73205 0.320154
18.0626 0.158142 0.0897423 0.601173 0.0783849 0.0628917 -0.0769659 0.00356715 0.0838386 0.342121 0.0260469 -0.344353 -0.410205 -0.0695076
18.422 0.143792 0.159716 0.601556 0.0745125 0.048575 -0.0178955 -0.000326132 -0.0399269 0.194687 0.00106483 -0.173636 -0.371731 -0.102841
18.7564 0.111014 0.183248 0.590407 0.0710811 -0.0419762 0.0101947 -0.0307305 -0.0980014 0.0703575 -0.0333316 -0.977651 -0.128651 -0.352317
18.8522 0.0926725 0.188804 0.583988 0.0701283 0.0223975 0.009747 -0.0086063 -0.191594 0.0580415 -0.0670596 0.416593 -0.202816 0.130196
19.0525 0.0710078 0.192291 0.575778 0.0681751 -0.40328 -0.0712526 -0.0963119 -0.108114 0.0173998 -0.0409701 -5.88058 -1.43844 -1.12323
19.0879 0.0598296 0.191107 0.572924 0.0678361 0.0555158 0.00496774 -0.000866819 -0.316081 -0.0334709 -0.0806933 1.59698 -0.183851 0.435398
19.2215 0.0461017 0.183357 0.569914 0.0665709 -0.0457508 0.000890473 -0.028027 -0.102781 -0.058027 -0.0225394 -0.0345013 -0.0928698 -0.0144952
19.6883 -0.00939714 0.13603 0.556233 0.0623313 -0.0859943 -0.047802 -0.0407986 -0.118887 -0.101381 -0.0293061 0.221881 -0.0505677 0.00639498
19.9217 -0.0250585 0.109611 0.549741 0.0603137 -0.106329 -0.0833428 -0.039982 -0.0670956 -0.113184 -0.0278133 0.0798671 -0.172179 0.115122
20.1565 -0.0364078 0.0735532 0.549556 0.0583506 -0.0853897 -0.0640296 -0.0322446 -0.0483471 -0.153603 -0.000788873 0.548765 0.732373 0.198322
20.212 -0.0374003 0.0672814 0.550123 0.0578956 -0.0959923 -0.747618 0.0913765 -0.0178698 -0.112928 0.0102255 0.360057 -9.68902 2.06629
20.2565 -0.0374818 0.0430255 0.554679 0.0575332 -0.111678 -0.12696 -0.0401247 -0.00183104 -0.544526 0.102269 0.0993608 0.77233 -0.142209
20.8299 -0.00586685 -0.0152842 0.566565 0.0530661 -0.0529476 -0.176039 -0.023843 0.0551392 -0.101697 0.0207305 0.437266 0.311479 0.0342695
21.1892 0.0703919 -0.0116138 0.578438 0.0504455 -0.0411746 -0.113075 -0.0154187 0.212246 0.0102157 0.0330434 -0.764202 1.06814 -0.0367692
21.2565 0.0812111 -0.00609355 0.580494 0.0499694 0.000728172 -0.175764 -0.0158174 0.160841 0.0820653 0.0305701 -0.218013 -0.0736942 -0.0712135
21.4565 0.104657 0.00737074 0.583759 0.0485804 0.0269551 -0.117345 -0.0179825 0.117243 0.0673278 0.0163287 -0.115495 0.635753 -0.13558
21.7911 0.13096 0.10112 0.574037 0.0463417 -0.0115212 -0.192379 -0.045631 0.0785879 0.280107 -0.0290485 -1.05355 -2.23665 -0.349027
21.888 0.12869 0.10727 0.567951 0.0457134 0.024089 0.0740698 -0.0189194 -0.0234399 0.0635059 -0.062849 -0.334013 2.04422 0.198868
21.9919 0.122651 0.135925 0.563568 0.0450489 0.0285359 -0.0335667 -0.0315679 -0.0581365 0.275855 -0.042191 -0.125897 -0.331763 0.0437253
22.1575 0.109562 0.172523 0.557778 0.044009 0.0180067 -0.00727515 -0.0391907 -0.0789958 0.220887 -0.0349464 -0.0579641 -0.413306 0.00519869
22.5576 0.0686841 0.194744 0.54463 0.0415959 0.00109968 0.00121298 -0.0393408 -0.102184 0.0555459 -0.0328667 0.341137 -0.394952 0.199981
22.6927 0.0611055 0.195039 0.54384 0.0408113 -0.0982572 -0.00689832 -0.067685 -0.0560947 0.00218595 -0.00584823 -1.12643 -0.449855 -0.259134
22.7931 0.0441274 0.190726 0.540642 0.0402379 -0.192367 0.00172038 -0.069371 -0.169155 -0.0429659 -0.0318575 -2.15203 -0.189617 -0.200707
22.8292 0.0351988 0.188925 0.539228 0.0400334 -0.0526283 0.00963614 -0.0553497 -0.246959 -0.0498214 -0.0391138 0.229828 -0.0313306 0.045352
23.4636 -0.0289748 0.144709 0.532667 0.0366087 -0.117623 -0.0644959 -0.0608694 -0.101155 -0.0696977 -0.0103423 0.018368 -0.458853 0.020058
23.6607 -0.0481998 0.113143 0.531407 0.0356056 -0.119821 -0.0835279 -0.0537639 -0.097535 -0.160142 -0.00638864 0.274207 -0.142313 0.142127
23.86 -0.0567473 0.0755816 0.535778 0.0346194 -0.0418034 -0.0721714 -0.0141218 -0.0428947 -0.1885 0.0219323 1.52446 0.646082 0.642648
23.8935 -0.0564727 0.0699901 0.537235 0.0344562 -0.0880055 -0.166782 -0.0422392 0.00819428 -0.166848 0.0434694 0.743242 -0.745817 0.160454
23.9924 -0.0484014 0.0462121 0.543099 0.0339795 -0.133282 -0.0760612 -0.0517433 0.0816579 -0.240566 0.059329 -0.173691 1.1079 -0.0967205
24.1259 -0.0405948 0.0338432 0.549296 0.0333459 -0.0846945 -0.159545 -0.0347638 0.0584656 -0.0926326 0.0464143 0.482317 -0.182426 0.0856327
24.3262 -0.00953632 0.0079718 0.562028 0.0324176 -0.0808052 -0.155901 -0.0316758 0.155068 -0.12917 0.0635656 -0.0655506 0.320161 -0.0859376
24.7307 0.0424621 0.00810554 0.573679 0.0306209 -0.00316781 -0.122817 -0.0154521 0.128554 0.000330638 0.028805 0.363504 0.648809 0.0306578
24.9295 0.0823862 0.0338144 0.580617 0.0297747 -0.00800974 -0.12934 -0.0157343 0.20082 0.129317 0.0348999 -0.420381 -0.0202751 -0.0886502
25.0925 0.103951 0.0543543 0.583951 0.0290984 0.0176473 -0.113475 -0.00719725 0.132299 0.126012 0.02045 -0.263811 -0.0866961 0.0104075
25.1922 0.11452 0.0660579 0.586093 0.0286923 0.0560988 -0.0189681 0.0133174 0.105992 0.117367 0.0214878 0.199011 1.19279 0.289945
25.3604 0.137983 0.119558 0.597914 0.0280199 0.0424163 -0.061073 -0.00447697 0.139471 0.318026 0.0702641 -0.415178 -0.544485 -0.23043
25.6918 0.138601 0.165152 0.595889 0.0267409 0.0373649 0.0145599 0.00013037 0.001866 0.137564 -0.00610884 -0.313329 0.163454 -0.0250725
25.8784 0.128044 0.196505 0.593877 0.0260468 0.0347769 -0.0197713 -0.0162425 -0.0565897 0.168058 -0.0107864 -0.111198 -0.882943 -0.238828
25.9961 0.11984 0.204053 0.589296 0.0256181 -0.0219641 0.0257702 -0.020406 -0.0696813 0.064108 -0.0389041 -0.836039 -0.158769 -0.19419
26.1993 0.0711948 0.210524 0.573383 0.024895 -4.70899e-05 0.0249799 -0.0156792 -0.239494 0.0318595 -0.0783472 0.476495 -0.225101 0.175308
26.4964 0.0421011 0.200119 0.56558 0.0238739 -0.0401201 0.0240111 -0.0242793 -0.0979208 -0.0350211 -0.0262609 0.114867 0.0118021 0.0912495
26.5999 0.0331945 0.196619 0.56384 0.023528 -0.0593679 0.0238414 -0.0322799 -0.0860285 -0.0337992 -0.0168136 -0.0596112 0.0614037 -0.017675
26.7959 0.014039 0.192353 0.559864 0.0228868 -0.0745411 0.00291868 -0.0366568 -0.0977143 -0.0217619 -0.0202785 0.0174625 -0.209416 -0.0194231
27.1964 -0.0222888 0.15006 0.54863 0.0216307 -0.104751 -0.0734491 -0.0494488 -0.0907218 -0.105619 -0.0280562 0.101781 -0.614987 -0.0332909
27.3675 -0.0348356 0.113963 0.542852 0.021115 -0.0959088 -0.0611723 -0.0459787 -0.0733 -0.210886 -0.0337546 0.405385 0.269934 0.115767
27.529 -0.0361035 0.0869525 0.54042 0.0206399 -0.0999887 -0.0928636 -0.0413935 -0.00785356 -0.167307 -0.0150648 0.272853 0.139073 0.197325
27.6967 -0.0297466 0.0628058 0.543443 0.0201577 0.0216787 -0.271525 -0.00482924 0.037905 -0.143984 0.0180275 1.97511 -2.25721 0.6651
27.7639 -0.0182905 0.0429521 0.547654 0.0199678 -0.100155 -0.113595 -0.0450609 0.170565 -0.295592 0.0626996 -0.24642 0.671412 -0.0763395
28.0979 0.0111886 0.0191267 0.56008 0.0190494 0.0150637 -0.195828 -0.0107147 0.0882571 -0.0713306 0.0372011 1.17866 -0.52865 0.293557
28.1642 0.0222297 0.0120687 0.56384 0.0188721 -0.0339734 -0.164059 -0.019243 0.166444 -0.106399 0.0566743 0.152189 0.113756 0.0787427
28.3966 0.0691202 -0.00651193 0.581259 0.018264 -0.00548871 -0.159672 -0.0119801 0.201806 -0.0799669 0.0749705 -0.177791 0.429646 -0.102079
28.696 0.113607 0.00806635 0.594556 0.0175092 0.0303342 -0.0931146 -0.0152335 0.148568 0.0486855 0.0444042 -0.237364 1.04974 -0.313931
28.7969 0.126183 0.0236709 0.59584 0.0172619 0.0508305 -0.104161 0.00253243 0.124614 0.154624 0.0127226 -0.0833031 0.497063 -0.0184444
28.9961 0.147701 0.0741971 0.597642 0.0167839 0.0545823 -0.0892149 -0.0020676 0.108019 0.253641 0.00904839 -0.332396 -0.182591 -0.111661
29.467 0.124872 0.153143 0.577148 0.0157061 0.0361181 -0.0866062 -0.0316415 -0.0484858 0.16767 -0.0435261 -0.0511363 -1.23224 -0.179241
29.5659 0.119574 0.157669 0.571086 0.0154885 -0.0372571 0.0345782 -0.0316485 -0.0535456 0.045742 -0.0612617 -1.08606 0.720287 -0.062414
29.696 0.0942328 0.175806 0.562062 0.0152071 0.00514939 -0.0184103 -0.0310554 -0.194816 0.139434 -0.0693803 0.144232 -0.496266 0.0957443
30.0037 0.0479371 0.171713 0.549778 0.0145615 -0.000824608 -0.0542843 -0.0241122 -0.150428 -0.0132973 -0.0399139 0.700711 -0.773013 0.349325
30.0644 0.041391 0.168063 0.548642 0.0144376 -0.0439248 -0.00984106 -0.042984 -0.107927 -0.0601828 -0.0187263 0.083108 0.0273368 0.0488116
30.2673 0.022917 0.156979 0.546852 0.0140306 -0.0805351 -0.0496383 -0.0424388 -0.0910683 -0.0546372 -0.00882446 -0.217459 -0.419336 0.0707782
30.4664 -0.00384068 0.129471 0.547901 0.0136422 -0.0880033 -0.0856202 -0.0378748 -0.134371 -0.138141 0.00526975 0.137116 -0.434363 0.105066
30.7049 -0.0280904 0.0718089 0.555136 0.0131911 -0.0547268 -0.0786411 -0.0313611 -0.101666 -0.241747 0.0303306 0.972858 0.69719 0.059485
30.817 -0.0272603 0.0534692 0.559284 0.0129843 -0.0930183 -0.121844 -0.0267532 0.00740433 -0.163582 0.0369996 0.224851 0.20985 0.0572793
31.032 -0.0152802 0.0280032 0.569883 0.0125968 0.111913 -0.385597 0.0495058 0.0557353 -0.118476 0.0493117 3.11183 -3.49845 1.04512
31.1358 0.024025 -0.0219783 0.586259 0.0124138 -0.0622163 -0.143169 -0.0168056 0.378706 -0.481573 0.157782 -0.596798 1.47399 -0.368971
31.4679 0.0839718 -0.0193309 0.597963 0.0118461 0.0128116 -0.174788 0.00714073 0.180497 0.00797121 0.0352393 -0.0945436 0.279951 -0.0141585
32.1004 0.160313 0.0977044 0.614588 0.0108356 0.00828179 -0.0655115 -0.00177039 0.120699 0.185038 0.0262841 -1.25019 -0.0802677 -0.39326
32.2323 0.154475 0.12072 0.61121 0.010636 0.0861937 -0.124219 0.0277226 -0.0442448 0.174448 -0.0256007 0.257402 -1.31634 0.180732
32.2977 0.152683 0.126499 0.610309 0.0105384 0.0148986 0.0237972 -0.0126548 -0.0274143 0.088378 -0.0137833 -0.829334 0.978472 -0.439669
32.404 0.1404 0.146947 0.603877 0.0103817 0.0365063 -0.0455181 0.0136551 -0.115563 0.192379 -0.0605152 -0.189947 -0.537548 0.125325
32.6002 0.110404 0.163998 0.596827 0.0100984 -0.234982 0.0667066 -0.0223992 -0.152841 0.0868828 -0.0359197 -3.83483 1.06373 -0.352408
