t x y z s fx fy fz dx dy dz ddx ddy ddz
0 0.0186013 -0.0556908 0.684794 1 -0.0824293 0.00554969 -0.00715168 0 0 0 -2.61125 0.175807 -0.226555
0.0686218 0.00630505 -0.0548629 0.683727 0.980177 0.000529384 -0.00830153 0.00664796 -0.179189 0.0120642 -0.0155466 0.879919 -0.215827 0.237039
0.205683 -0.0017248 -0.0572639 0.686049 0.941753 -0.0174899 -0.0115768 0.00637143 -0.0585859 -0.0175174 0.0169421 0.155656 0.0487907 -0.0369817
0.631675 0.00156483 -0.0558721 0.686556 0.831683 -0.00895331 -0.0292907 0.0155376 0.00772228 0.0032671 0.00118822 -0.0553317 -0.0180775 -0.00345101
0.771914 0.00155959 -0.0557695 0.686654 0.798339 -0.00581666 -0.0346096 0.018559 -3.73929e-05 0.000731933 0.000704256 0.00883304 -0.00171425 0.00403836
1.23897 0.00346901 -0.0558016 0.687864 0.696633 0.0016317 -0.051889 0.0274972 0.00408816 -6.87251e-05 0.00259041 -0.00232956 0.00606087 -0.0202346
1.43535 0.00418198 -0.0555813 0.687593 0.657841 0.00595512 -0.0580057 0.030365 0.00363071 0.00112146 -0.0013831 0.0466162 0.0124391 -0.0101225
1.73798 0.00955027 -0.0541027 0.686247 0.602244 0.3065 0.0379111 0.0317735 0.0177384 0.00488597 -0.00444654 9.26181 3.29512 -0.0583718
1.76789 0.0183642 -0.0510095 0.686062 0.597012 0.0385564 -0.0466004 0.0272124 0.294721 0.10343 -0.0061922 -0.299304 0.269101 -0.205617
1.96754 0.0652748 -0.0196336 0.67663 0.563228 0.0493994 -0.0310349 0.01327 0.234966 0.157155 -0.0472434 -1.33067 -0.200661 -0.319791
2.06757 0.0754636 -0.00592084 0.668704 0.547027 0.0800869 -0.00881334 0.013731 0.101854 0.137083 -0.0792331 -0.332011 0.21367 -0.00548017
2.23576 0.0832026 0.02318 0.655222 0.520831 0.0823159 0.016255 0.000548791 0.0460125 0.17302 -0.0801548 -0.393394 0.12625 -0.0613228
2.53568 0.061617 0.0864274 0.625667 0.477192 -0.0386423 0.13071 -0.0345057 -0.0719723 0.210885 -0.0985465 -3.28214 1.87795 -0.296576
2.57183 0.0547245 0.0965067 0.621716 0.472184 0.0627835 0.051085 -0.0142211 -0.190638 0.278782 -0.109269 0.476848 -1.12898 0.488556
2.69947 0.0381606 0.113697 0.615728 0.454923 0.035658 0.0660017 -0.0244987 -0.129775 0.134684 -0.0469122 -0.0598665 -0.699057 0.131211
2.80395 0.0239478 0.120138 0.612259 0.441264 0.0229857 0.081006 -0.0290678 -0.13603 0.0616449 -0.0332029 -0.0168366 -0.146711 0.022099
3.20362 -0.0331095 0.12134 0.602519 0.392694 -0.0242171 0.0718892 -0.0316802 -0.142759 0.00300842 -0.0243705 0.230863 -0.0439158 0.0969193
3.46898 -0.0547356 0.119046 0.602877 0.363438 -0.096667 0.0481715 -0.0272725 -0.0814988 -0.00864485 0.00134748 -1.60307 -0.53082 0.0764833
3.53585 -0.0673533 0.116095 0.603309 0.356416 -0.065067 0.0456231 -0.0254457 -0.188694 -0.0441403 0.00646184 0.0893456 -0.379369 0.087965
3.8373 -0.116116 0.0683153 0.61325 0.326407 -0.0958857 0.00225118 -0.0179469 -0.161761 -0.1585 0.0329787 0.529851 0.247125 -0.142368
4.07199 -0.124896 0.0447282 0.613148 0.304804 -0.0982625 -0.0352713 -0.0119446 -0.0374093 -0.100502 -0.000433979 0.343186 -0.241443 0.0896514
4.23913 -0.121561 0.0211845 0.61558 0.290296 -0.0870738 -0.0650937 -0.00784598 0.0199525 -0.140858 0.0145508 0.404499 -0.247272 0.0623641
4.37169 -0.111808 -0.00183253 0.618605 0.279282 -0.0782246 -0.0995576 0.000918367 0.0735724 -0.173636 0.0228177 0.205006 -0.45726 0.192204
4.60361 -0.0837189 -0.0666957 0.634235 0.261009 -0.0604832 -0.128159 0.00878556 0.121117 -0.279683 0.0673932 -0.288937 1.09108 -0.227387
4.77195 -0.0715182 -0.0828582 0.639136 0.248499 -0.0435757 -0.151555 0.0183288 0.0724782 -0.0960136 0.0291158 -0.0235345 0.409411 -0.00432
4.93745 -0.0601672 -0.0875343 0.643836 0.236784 0.0107644 -0.184661 0.0283568 0.068583 -0.0282528 0.0284008 1.32919 -0.619641 0.136092
5.0788 -0.0239192 -0.103907 0.650569 0.227218 0.0180143 -0.174277 0.0289723 0.256454 -0.115835 0.0476364 -0.138208 0.528044 -0.137014
5.54001 0.064961 -0.0450086 0.643395 0.19861 0.0642107 -0.117592 0.0194157 0.192711 0.127704 -0.0155556 -1.35897 -0.0768756 -0.107621
5.63995 0.0706471 -0.0330135 0.640765 0.192902 0.108444 -0.0716298 0.0174673 0.0568932 0.120021 -0.0263115 0.237177 1.05189 -0.070366
5.77342 0.0824661 0.00174537 0.636 0.185534 0.0946993 -0.0773552 0.0128781 0.0885499 0.260419 -0.0357034 -0.675026 -0.588428 -0.0572771
5.84054 0.0853685 0.0165732 0.633346 0.181936 0.10592 -0.068193 0.0092578 0.0432442 0.220925 -0.0395477 -0.28933 -0.636483 -0.086317
5.94005 0.0868067 0.0322549 0.628556 0.17673 0.105657 -0.0375898 0.00630867 0.0144529 0.157589 -0.0481371 -0.270597 0.0439217 -0.0171611
6.34116 0.0490674 0.102532 0.606486 0.157211 0.0662165 0.0152508 -0.0113758 -0.0940867 0.175206 -0.0550206 -0.0505279 -0.452458 0.0906364
6.67322 0.0122537 0.110822 0.59821 0.142694 -0.00336302 0.0106363 -0.0146959 -0.110865 0.0249638 -0.024924 -1.06593 -0.356764 0.124715
6.71032 0.00667269 0.111257 0.597457 0.141158 0.0137407 0.0184303 -0.0177738 -0.150415 0.0117264 -0.0202965 -0.237894 -0.0778003 0.0339728
6.97576 -0.0500138 0.108888 0.594463 0.130638 -0.0240693 0.0135489 -0.0196172 -0.213561 -0.00892454 -0.011279 0.520911 -0.041801 0.0175863
7.21271 -0.0713701 0.104426 0.592778 0.121912 -0.127607 -0.0592543 -0.019489 -0.0901281 -0.0188295 -0.00711182 -2.44724 -2.13135 0.0405939
7.24187 -0.076078 0.102066 0.592605 0.120879 -0.0389913 0.00501035 -0.0194512 -0.161478 -0.0809691 -0.00592831 0.70952 0.160924 0.0412347
7.34499 -0.0851848 0.0954271 0.592432 0.117296 -0.0647987 -0.0114451 -0.0186963 -0.0883098 -0.0643741 -0.00167607 -0.03301 -0.177644 0.0492845
7.54189 -0.103853 0.0758647 0.594013 0.110747 -0.0848904 -0.0521855 -0.0109472 -0.0948094 -0.0993522 0.00802805 -0.0709606 -0.713893 0.200214
7.78399 -0.130965 0.0099689 0.607691 0.103194 -0.0986242 -0.10135 -0.00137677 -0.111989 -0.272185 0.0564998 0.388541 0.346826 -0.0868547
8.1946 -0.11144 -0.043318 0.616247 0.091543 -0.0760174 -0.154034 0.0118553 0.0475515 -0.129774 0.020836 0.0140719 0.0256442 0.132125
8.39265 -0.101471 -0.0680132 0.625556 0.0864032 0.0334237 -0.241772 0.0272079 0.0503384 -0.124695 0.0470027 3.14847 -1.95797 0.236121
8.47583 -0.0755006 -0.0919314 0.631099 0.0843315 -0.050901 -0.171456 0.0216286 0.312222 -0.287555 0.0666427 -1.09111 1.49993 -0.177245
8.64094 -0.0536951 -0.0985179 0.63727 0.080365 -0.000918543 -0.195863 0.0274702 0.13206 -0.0398896 0.0373764 0.305152 0.255179 -0.115059
8.97569 0.0247059 -0.0832764 0.636889 0.0728869 0.223489 0.0580949 0.00125842 0.234209 0.0455311 -0.00113931 4.62815 7.61593 -0.843592
9.00793 0.0370675 -0.0738923 0.635975 0.0722045 0.0774275 -0.159812 0.0231793 0.383421 0.29107 -0.0283368 -0.814437 -0.276342 -0.0449347
9.3437 0.0739892 -0.0073158 0.621395 0.0654664 0.0738597 -0.131771 0.0122282 0.109964 0.198284 -0.0434242 -1.33386 -1.19764 0.0953072
9.40869 0.0755016 0.00051244 0.618975 0.0642366 0.104166 -0.0631313 0.00454321 0.0232695 0.120444 -0.0372297 -0.17819 0.956017 -0.0922302
9.64365 0.0711316 0.0815922 0.605136 0.0599804 0.0974507 -0.0160585 -0.00703591 -0.0185987 0.345073 -0.0589005 -0.141166 -0.734653 0.0297404
9.94381 0.0528307 0.11898 0.590136 0.0549509 0.0499139 0.0428547 -0.0243981 -0.0609709 0.124561 -0.0499737 -0.955913 0.599329 -0.0834257
10.0493 0.0357713 0.13878 0.583938 0.0532859 0.0579639 0.0290867 -0.0248829 -0.161774 0.187762 -0.0587711 0.122273 -0.634094 0.118153
10.2439 0.00891639 0.151304 0.576975 0.0503442 0.0424173 0.0369584 -0.0264376 -0.137975 0.0643442 -0.0357742 0.408015 -0.415806 0.216692
10.3763 -0.00219867 0.152535 0.576037 0.0484367 0.00922142 0.03485 -0.0302748 -0.0839601 0.00929769 -0.00708741 -0.447805 -0.355268 0.0386282
10.5814 -0.038256 0.139497 0.576208 0.0456231 -0.0136067 0.021609 -0.0308976 -0.175804 -0.0635675 0.000835197 0.226674 -0.139988 -0.0162714
10.8794 -0.0705158 0.108124 0.575012 0.041824 -0.0529997 -0.0366935 -0.0338073 -0.108258 -0.105283 -0.00401352 -0.197221 -0.854257 -0.066672
10.9464 -0.0786513 0.0972402 0.574444 0.0410146 -0.0647007 -0.0468693 -0.0198551 -0.121467 -0.162498 -0.00847901 -0.274136 -0.665326 0.403856
11.0456 -0.0934052 0.074562 0.57758 0.0398441 -0.0569212 -0.0358257 -0.0298114 -0.148672 -0.228524 0.0315988 0.514761 0.596365 -0.127476
11.212 -0.103891 0.0530484 0.579309 0.0379558 -0.0744718 -0.0671982 -0.0248829 -0.0630164 -0.12929 0.0103871 0.0450107 0.013123 0.0291042
11.4439 -0.116086 0.0237647 0.583284 0.035472 -0.0819329 -0.101202 -0.0168649 -0.0525758 -0.126246 0.017138 0.161133 -0.131561 0.131602
11.7116 -0.118616 -0.0194447 0.597296 0.0328076 -0.0732072 -0.143093 -0.00412695 -0.00945249 -0.161455 0.0523581 0.390919 0.0244233 -0.015472
11.9118 -0.104833 -0.0507964 0.607161 0.0309457 -0.0234332 -0.169549 0.00164895 0.0688283 -0.156564 0.0492599 1.30607 0.175764 -0.141034
11.9796 -0.0941643 -0.0606028 0.609852 0.0303396 -0.0445226 -0.174819 0.0121001 0.157373 -0.144648 0.0396985 0.0480753 0.289011 0.130304
12.144 -0.0669904 -0.0765724 0.619901 0.0289185 -0.0133056 -0.184063 0.0204727 0.165277 -0.0971308 0.0611224 0.151316 0.375141 0.0128007
12.2799 -0.0417338 -0.0828441 0.628444 0.0277942 0.0303068 -0.17035 0.0192397 0.185842 -0.0461477 0.0628621 0.672598 0.869871 -0.304742
12.4819 0.0232309 -0.0566851 0.628711 0.0262038 0.0509719 -0.154861 0.0196957 0.321677 0.129528 0.0013175 -1.11836 0.0427341 -0.128467
12.6813 0.0429039 -0.0291548 0.623864 0.0247226 0.0386067 -0.120209 0.010482 0.0986498 0.13805 -0.0243018 -1.50391 0.252215 -0.198072
12.7436 0.0432106 -0.0195713 0.62158 0.0242771 0.0759495 -0.152102 0.019651 0.00492034 0.153769 -0.0366464 -0.0658441 -1.10381 0.198564
12.8436 0.0430442 -0.0152322 0.619901 0.023579 0.0767881 -0.0879562 0.011249 -0.0016638 0.0433927 -0.0167908 -0.0165523 1.1073 -0.0724821
13.0485 0.0420087 0.0401261 0.61342 0.022211 0.0705384 -0.0574777 0.00528762 -0.00505464 0.27023 -0.0316392 -0.17448 -0.316158 -0.0174806
13.5807 -0.0101029 0.0943942 0.59163 0.0190164 0.0220565 -0.0341795 0.00136593 -0.0979151 0.101967 -0.0409426 0.198122 -0.803145 0.566643
13.6478 -0.0157778 0.0976203 0.591432 0.018648 0.0190857 -0.0114523 -0.0135621 -0.0846298 0.0481112 -0.00294568 0.24551 -0.0307849 -0.00861521
13.7482 -0.0218008 0.102142 0.591049 0.0181095 0.0094496 -0.009262 -0.0148192 -0.0599738 0.0450195 -0.00381089 0.0602653 -0.0929425 -0.0352608
13.8797 -0.0286461 0.106455 0.589938 0.0174277 0.016332 -0.00983473 -0.013912 -0.0520478 0.0327958 -0.00844836 0.471509 -0.20939 0.0400506
13.98 -0.0291246 0.107638 0.589494 0.0169253 0.00466494 -0.00261563 -0.0153118 -0.00477182 0.0118013 -0.00443268 -0.0177483 0.0440298 -0.00289597
14.3797 -0.0338678 0.11939 0.587259 0.0150621 0.000874265 0.00577584 -0.0165957 -0.0118662 0.029401 -0.00559027 0.0293237 -0.102194 0.0256671
14.6477 -0.0349416 0.119929 0.587605 0.013929 -0.000787313 0.00489772 -0.0142416 -0.00400622 0.00200859 0.00128961 -0.0135147 -0.0633044 0.0668614
14.7796 -0.0357052 0.119092 0.588938 0.0134031 -0.00231457 0.00285753 -0.0157659 -0.00578882 -0.00634132 0.0101087 -0.0335615 -0.0749257 -0.0500181
14.8478 -0.0362561 0.118311 0.589395 0.013139 -0.00155335 0.00443342 -0.0141158 -0.00807798 -0.0114518 0.00669706 0.0140392 0.015654 -0.00323514
15.0478 -0.0373101 0.116647 0.590605 0.0123943 -0.00178962 0.00513076 -0.0139562 -0.0052705 -0.00832143 0.00605011 0.0307069 0.0856315 -0.0366029
15.1799 -0.0374705 0.117042 0.590765 0.0119257 -0.00240302 0.0027299 -0.0139887 -0.00121415 0.00299038 0.00121492 0.0040569 -0.0324466 -0.0302316
15.2833 -0.0375527 0.117004 0.590568 0.0115713 -0.00264942 0.00322862 -0.0130436 -0.000794724 -0.000364148 -0.00191061 -0.00294397 -0.00402748 0.0139033
15.4477 -0.0377629 0.116836 0.59063 0.0110293 -0.00265793 0.00325395 -0.0129806 -0.00127879 -0.00102637 0.000375437 0.00388659 0.0069385 0.00605931
15.649 -0.0378629 0.11691 0.590951 0.0104003 0.00112031 0.000751346 0.00783367 -0.000496588 0.000370049 0.00159491 0.123444 -0.0752434 0.650172
