t x y z s fx fy fz dx dy dz ddx ddy ddz
0 -0.0285397 -0.0211029 0.658491 1 -0.00819821 0.00920186 -0.00627213 0 0 0 -0.208907 0.234483 -0.159827
0.232164 -0.0397999 -0.00846425 0.649877 0.946969 -0.0171572 0.0114644 -0.0115118 -0.0485008 0.0544384 -0.0371061 0.0602372 -0.247582 0.0429818
0.414915 -0.0466516 -0.0067843 0.644531 0.907211 -0.0254598 0.0215615 -0.0172741 -0.0374924 0.00919252 -0.0292511 0.0731235 -0.000133401 0.0386314
0.771561 -0.0507221 -0.0035228 0.639012 0.834365 -0.037454 0.0307401 -0.0225069 -0.0114132 0.00914494 -0.0154734 -0.0509107 0.0222017 0.0587888
0.940026 -0.0540897 -0.0013521 0.638074 0.802019 -0.041773 0.0344109 -0.0272418 -0.0199899 0.0128852 -0.00556951 0.00536754 -0.00518057 -0.0408675
1.1374 -0.0578261 0.0009893 0.635383 0.765714 -0.0721064 0.0306459 -0.0164451 -0.0189304 0.0118626 -0.0136358 -0.606357 -0.222521 0.34329
1.2037 -0.0617465 0.00079766 0.635988 0.753891 -0.0440475 0.0411688 -0.0309829 -0.0591318 -0.00289051 0.00912435 0.322456 0.0632688 -0.0872666
1.33866 -0.0638538 0.00155991 0.63563 0.730386 -0.0595732 0.0432208 -0.028836 -0.0156142 0.00564806 -0.00265289 -0.0743524 0.035194 0.0176947
1.45978 -0.0668358 0.00276034 0.635568 0.709916 -0.0608844 0.0443345 -0.0297816 -0.02462 0.00991087 -0.000509651 0.0273363 -0.0128573 0.00272946
1.93906 -0.0723563 0.00455699 0.635951 0.634387 -0.0767037 0.0521127 -0.0313248 -0.0115182 0.00374863 0.000798526 -0.122585 0.020322 -0.00341902
2.13593 -0.0793749 0.00608261 0.635975 0.605742 -0.18982 0.0328024 -0.0235328 -0.0356513 0.00774941 0.000125426 -2.71718 -0.570289 0.213454
2.20408 -0.0944254 0.00396187 0.636975 0.59613 -0.0957637 0.0495578 -0.0359655 -0.220835 -0.0311174 0.014673 0.50328 -0.0176629 -0.156153
2.30654 -0.111768 0.00058836 0.63684 0.581967 -0.109378 0.0502757 -0.0355471 -0.169271 -0.0329271 -0.0013255 0.507449 0.0657238 -0.0969552
2.47914 -0.125867 -0.00313693 0.633722 0.558863 -0.15742 0.000767433 -0.0257026 -0.0816836 -0.0215829 -0.0180604 -0.513553 -1.16755 0.285523
2.70401 -0.170203 -0.0670286 0.644099 0.530133 -0.162093 -0.0199397 -0.0267701 -0.197166 -0.284128 0.0461449 0.814508 0.480571 -0.134966
2.98124 -0.162263 -0.108862 0.646519 0.496738 -0.1558 -0.0750171 -0.0225699 0.0286403 -0.1509 0.00872832 0.32083 -0.219488 0.0159816
3.20422 -0.139927 -0.153421 0.649259 0.471411 -0.16665 -0.0524862 -0.0306899 0.100177 -0.199839 0.0122918 -0.640116 1.55695 -0.253499
3.30986 -0.136488 -0.157156 0.647728 0.459866 -0.0600462 -0.223697 -0.00749072 0.0325493 -0.0353496 -0.0144901 2.16463 -3.10596 0.444733
3.35622 -0.130328 -0.165469 0.648012 0.45489 -0.13077 -0.11282 -0.0228231 0.132891 -0.179327 0.00612554 -0.0138567 0.250611 0.00283486
3.83613 -0.0697434 -0.19381 0.651605 0.406434 -0.0784853 -0.131573 -0.0197781 0.126241 -0.0590565 0.00748601 -0.118846 0.135306 0.0152333
4.13764 -0.0424843 -0.199316 0.655247 0.378667 -0.055077 -0.14172 -0.0130864 0.0904077 -0.0182601 0.012079 -0.0829554 -0.124935 0.0993566
4.20528 -0.0367487 -0.201123 0.656519 0.372703 -0.049936 -0.136953 -0.0144409 0.0847966 -0.0267107 0.0187995 -0.0740788 0.0513167 0.0207467
4.33612 -0.0269223 -0.203739 0.659333 0.361432 0.0511534 -0.134728 -0.0129339 0.0751044 -0.0199966 0.021514 2.29483 0.139487 -0.0119164
4.40409 -0.0112124 -0.204454 0.660741 0.355712 -0.0270285 -0.134841 -0.0123659 0.231102 -0.0105145 0.0207039 -0.442493 0.123099 -0.0279824
4.71167 0.0180081 -0.196043 0.664462 0.330939 0.0287711 -0.095099 -0.00976835 0.0950038 0.0273471 0.0120973 0.591689 0.791468 -0.0219298
4.89401 0.0550054 -0.16474 0.665938 0.317075 0.0367425 -0.0792669 -0.014227 0.202896 0.171668 0.00809851 -0.367723 0.0438354 -0.155635
5.24147 0.0811091 -0.0998001 0.649963 0.292244 0.0476201 -0.0359189 -0.0234817 0.075128 0.186899 -0.0459778 -0.417704 -0.584891 0.153966
5.3401 0.0844556 -0.087056 0.646926 0.285557 0.0669678 0.0707382 -0.0316999 0.0339298 0.129211 -0.0307922 0.096544 1.92789 -0.00860812
5.40546 0.0870857 -0.0703746 0.644877 0.28121 0.0325178 0.0958761 -0.0318922 0.04024 0.25522 -0.0313548 -0.854522 1.84851 0.0426398
5.47214 0.0859693 -0.0451361 0.642975 0.276843 0.0626855 0.0294028 -0.0352879 -0.0167422 0.378484 -0.0285114 0.0807693 -0.777148 0.000731296
5.80406 0.0893104 -0.0051277 0.633593 0.256096 0.0496961 0.108453 -0.047512 0.0100661 0.120539 -0.0282687 -0.357358 0.769016 -0.0596144
6.00819 0.0764744 0.0515222 0.625338 0.244116 0.0422 0.120508 -0.0533487 -0.0628815 0.277518 -0.0404378 -0.0324425 -0.746276 0.037014
6.34049 0.0519959 0.061334 0.615988 0.2258 -0.0273996 0.155804 -0.0678506 -0.0736623 0.0295265 -0.0281378 -1.12313 0.435998 -0.111157
6.51296 0.00588204 0.0793959 0.607828 0.216843 0.0142737 0.129375 -0.0586595 -0.26737 0.104724 -0.0473093 1.57226 -0.884926 0.380112
6.63996 -0.00271518 0.078423 0.607951 0.210475 -0.0573389 0.144347 -0.0695888 -0.0676951 -0.00766081 0.000964573 -0.4766 -0.233696 -0.00766495
6.8081 -0.027571 0.0705283 0.607896 0.202331 -0.0672765 0.138034 -0.0693407 -0.14783 -0.0469539 -0.000324196 0.10154 -0.118217 0.0079349
7.04174 -0.0565674 0.0531045 0.608254 0.191534 -0.0956664 0.119199 -0.0681875 -0.124106 -0.0745744 0.00152974 0.0832742 -0.110267 0.03055
7.37623 -0.0887619 0.0158241 0.612183 0.177073 -0.124315 0.0844371 -0.0646744 -0.0962518 -0.111457 0.0117482 0.137413 0.0124501 0.00543739
7.60796 -0.103688 -0.00933563 0.615198 0.1677 -0.117947 0.0822985 -0.0709623 -0.0644087 -0.108572 0.0130082 0.625103 0.575957 -0.228778
7.67593 -0.105177 -0.0140545 0.615025 0.165046 -0.148243 0.00627584 -0.0515589 -0.021918 -0.0694218 -0.0025427 -0.200772 -1.33493 0.30712
7.74003 -0.107407 -0.0239884 0.616123 0.162582 -0.139883 0.0487658 -0.0617063 -0.0347867 -0.154985 0.0171425 0.103036 0.19161 -0.0228228
7.97655 -0.109871 -0.0499264 0.618901 0.153803 -0.146803 0.0187311 -0.0530503 -0.0104169 -0.109666 0.0117445 -0.0494985 -0.0315677 0.144605
8.10789 -0.112093 -0.0648746 0.622938 0.149134 -0.136965 -0.012134 -0.0571243 -0.0169181 -0.113812 0.030737 0.281431 -0.435951 -0.10253
8.20798 -0.110967 -0.0806346 0.624988 0.145671 -0.145002 -0.000732495 -0.0546099 0.011252 -0.157449 0.0204742 -0.00973353 0.349528 -0.0651839
8.51082 -0.108452 -0.0962606 0.62521 0.135677 -0.133412 -0.0404348 -0.0481487 0.00830428 -0.0515979 0.000733802 0.247064 -0.522879 0.144864
8.7078 -0.0972296 -0.126713 0.630975 0.129547 -0.125284 -0.052616 -0.0467715 0.056971 -0.154595 0.0292691 0.0688639 0.16663 -0.0282686
9.07673 -0.0668385 -0.161067 0.637926 0.118802 -0.0711028 -0.0757809 -0.0425754 0.0823768 -0.0931202 0.0188401 0.637429 0.292694 -0.0681582
9.17581 -0.0524205 -0.16742 0.639123 0.116071 -0.0840034 -0.0829162 -0.0382181 0.145529 -0.0641221 0.0120874 -0.197494 0.201844 0.0294108
9.38055 -0.0309034 -0.172087 0.642831 0.110626 -0.0347268 -0.088671 -0.0349173 0.105093 -0.0227959 0.0181091 0.612301 0.0703311 0.00862794
9.54415 0.00267713 -0.173934 0.646025 0.106459 -0.0376431 -0.0863892 -0.0327284 0.205264 -0.0112899 0.0195206 -0.538166 0.141964 -0.0176555
9.68049 0.0206594 -0.172835 0.648358 0.103106 -0.00657499 -0.0829245 -0.0310016 0.131887 0.00806634 0.0171133 -0.0311532 0.152193 -0.0255872
10.0442 0.0645057 -0.149769 0.651198 0.09467 0.0333744 -0.0429249 -0.0322643 0.120557 0.0634188 0.00780729 -0.0887286 0.442668 -0.103782
10.317 0.0907889 -0.0995317 0.645605 0.0887991 0.0412704 -0.00553264 -0.041205 0.0963534 0.184169 -0.0205022 -0.491043 -0.170231 -0.121008
10.4445 0.095092 -0.0788199 0.641025 0.0861816 0.0545986 0.0350621 -0.0395922 0.0337542 0.162468 -0.0359286 -0.113454 0.381271 0.0735548
10.645 0.0972985 -0.03091 0.636778 0.0822196 0.0602352 0.0664962 -0.0434653 0.0110038 0.238922 -0.021179 0.0332708 -0.219813 0.0518715
10.8441 0.100808 0.00794189 0.634617 0.0784664 0.0567995 0.0739549 -0.0518001 0.0176271 0.195163 -0.0108527 -0.151716 -0.926663 -0.126717
10.9449 0.101042 0.0181991 0.632235 0.0766313 0.0614416 0.0952088 -0.0454596 0.00232896 0.101724 -0.0236301 -0.00108439 -0.43672 0.125806
11.1122 0.101402 0.0229941 0.631802 0.0736807 0.0356509 0.152007 -0.0572264 0.00214755 0.0286613 -0.0025828 -0.661464 1.04976 -0.209202
11.2816 0.0827731 0.0579924 0.625358 0.0708079 0.0318426 0.148821 -0.0574508 -0.109937 0.206541 -0.0380318 -0.0229328 -0.333765 0.0318383
11.6443 0.0398892 0.0889997 0.615753 0.0650307 -0.0252922 0.150665 -0.0599824 -0.118253 0.0855035 -0.0264858 -0.356233 -0.811237 0.189278
11.7124 0.0301761 0.0910591 0.614827 0.0639988 -0.0189925 0.175746 -0.0673515 -0.14253 0.0302194 -0.0135869 0.109085 -0.100415 -0.00368023
12.144 -0.0110189 0.0853975 0.608278 0.0578338 -0.0646087 0.1676 -0.0729389 -0.0954508 -0.0131181 -0.0151753 -0.0992607 -0.0758212 0.0282027
12.4484 -0.0492672 0.0743805 0.606272 0.0538465 -0.108714 0.141346 -0.0744767 -0.125663 -0.036196 -0.00659115 -0.172139 -0.418536 0.0229964
12.58 -0.0687878 0.0623668 0.605803 0.0522086 -0.108626 0.140427 -0.0765194 -0.148319 -0.0912808 -0.00356453 0.382263 -0.0131598 -0.0230046
12.7797 -0.0831623 0.0436104 0.604173 0.0498178 -0.136268 0.0922507 -0.0720784 -0.0719698 -0.0939092 -0.00815922 -0.125339 -0.761063 0.143613
12.8802 -0.091657 0.0264962 0.604803 0.0486569 -0.113723 0.129523 -0.0810921 -0.0845609 -0.170363 0.00626766 0.696519 0.797014 -0.134296
12.9843 -0.0929129 0.0173985 0.604 0.0474828 -0.134138 0.102835 -0.0794128 -0.0120664 -0.0874092 -0.00771 0.0452718 0.157644 -0.0384818
13.1845 -0.093514 0.00621705 0.600914 0.0453031 -0.133446 0.0655268 -0.0763243 -0.00300195 -0.0558452 -0.0154149 0.0616913 -0.583906 0.137752
13.4483 -0.0900134 -0.0491412 0.606432 0.0425835 -0.125323 0.0375979 -0.0753825 0.0132709 -0.209867 0.0209211 0.147502 0.461297 -0.060035
13.6498 -0.0813444 -0.0727017 0.60821 0.0406157 -0.113719 0.00216921 -0.0698798 0.0430046 -0.116878 0.00881912 0.158251 -0.0565441 0.0636626
13.9173 -0.0585198 -0.108009 0.615123 0.0381444 -0.0939569 -0.0200909 -0.0642874 0.0853332 -0.132002 0.0258474 -0.0116173 0.306041 -0.00731233
14.1811 -0.0368211 -0.121535 0.621432 0.0358548 -0.0515518 -0.0372136 -0.0547849 0.0822691 -0.0512831 0.0239188 0.527328 0.0263757 0.0798613
14.3178 -0.0157041 -0.128056 0.626198 0.0347221 -0.0395309 -0.036638 -0.0477713 0.154394 -0.0476756 0.0348417 0.133288 0.196984 0.112943
14.4162 0.000767831 -0.130839 0.630716 0.0339299 -0.0365403 -0.0403128 -0.0474224 0.167501 -0.0283043 0.0459484 -0.238625 0.128722 -0.0181396
14.6533 0.0270705 -0.130312 0.640593 0.032093 0.00360307 -0.0319501 -0.0371759 0.110911 0.00222234 0.0416465 0.246507 0.255573 0.00220864
14.9482 0.0811935 -0.107444 0.653063 0.0299475 0.0480472 -0.000188651 -0.0285373 0.183584 0.0775686 0.0422977 -0.161723 0.306677 -0.0956025
15.2847 0.124662 -0.0466006 0.656469 0.0276729 0.0644161 0.0683756 -0.023869 0.129155 0.180783 0.0101221 -0.723923 0.26416 0.0112652
15.3485 0.129954 -0.0339968 0.657161 0.0272618 0.0889534 0.0570714 -0.0253409 0.0829873 0.197629 0.0108405 -0.127525 -0.384187 -0.045248
15.4849 0.138901 -0.0141878 0.657797 0.0264029 0.0973123 0.230156 -0.023832 0.0655927 0.145226 0.0046686 -0.101245 3.6395 -0.00843562
15.5489 0.142687 0.0100471 0.658062 0.0260089 0.0929519 0.084143 -0.0240385 0.0591075 0.37835 0.00412826 -0.293311 -1.23079 -0.0189641
15.716 0.144377 0.0389056 0.658222 0.0250092 0.0975703 0.116049 -0.0244911 0.0101196 0.172788 0.000960931 -0.105156 -0.686368 -0.0267618
15.8838 0.143113 0.0485713 0.65763 0.0240432 0.0877023 0.163542 -0.0232033 -0.00752957 0.0575894 -0.00353072 -0.282365 0.538394 0.0319798
16.0846 0.130219 0.0818368 0.65821 0.0229365 0.0771397 0.1705 -0.0272751 -0.0642214 0.165685 0.00289003 -0.0916557 -0.3803 -0.100525
16.2889 0.113274 0.0998131 0.654605 0.0218627 0.0587387 0.174694 -0.0326816 -0.0829458 0.0879939 -0.0176462 -0.0840566 -0.556318 -0.098974
16.3845 0.104574 0.10314 0.652012 0.0213775 0.0562628 0.192226 -0.0319992 -0.090984 0.0347937 -0.027111 0.093798 -0.0739615 0.00634669
16.6842 0.0857291 0.106924 0.644456 0.0199253 0.00437225 0.200613 -0.0432536 -0.0628684 0.012624 -0.0252086 -0.809624 0.0913068 -0.0913444
16.917 0.0272467 0.114808 0.633642 0.0188661 0.0117551 0.18929 -0.0440949 -0.251291 0.0338736 -0.046467 1.30021 -0.448417 0.211881
17.0694 0.0191482 0.109555 0.631482 0.0182032 -0.0391252 0.189157 -0.0517686 -0.0531405 -0.0344646 -0.0141765 -0.240333 -0.163386 -0.00179903
17.4204 -0.0291123 0.0773297 0.626284 0.0167638 -0.0727161 0.16432 -0.0553774 -0.137496 -0.0918124 -0.014808 0.328451 0.153078 0.0409995
17.6207 -0.0434757 0.0650785 0.624963 0.0159936 -0.0964658 0.139201 -0.0638352 -0.071679 -0.0611378 -0.00659225 -0.0592866 -0.246118 -0.159119
17.6518 -0.0457582 0.0629432 0.624605 0.0158775 -0.0891287 0.150093 -0.0578509 -0.0735196 -0.0687787 -0.0115322 0.190253 0.103054 0.0138253
17.8538 -0.052846 0.0532547 0.62284 0.0151423 -0.103853 0.135788 -0.0586125 -0.0350871 -0.0479612 -0.00873943 -0.0905385 -0.0633194 0.0334868
18.1551 -0.0716418 0.0330512 0.623247 0.0141083 -0.118321 0.0968429 -0.0526591 -0.0623712 -0.0670427 0.00135193 0.0838682 -0.499224 0.152439
18.3853 -0.0815531 -0.00880969 0.63163 0.0133666 -0.109239 0.124977 -0.0547374 -0.0430724 -0.181918 0.0364295 0.525268 1.5449 -0.193628
18.4519 -0.0820905 -0.0140717 0.633198 0.0131592 -0.121705 0.0659227 -0.0456436 -0.00806227 -0.0789478 0.0235238 0.141897 -0.0608883 0.0276882
18.6201 -0.0794312 -0.0290755 0.637938 0.0126497 0.281359 -0.662716 0.0161648 0.0158079 -0.0891906 0.0281816 10.2916 -18.2233 1.47159
18.6519 -0.06853 -0.0503237 0.640321 0.0125557 -0.151514 0.125009 -0.0403581 0.342947 -0.668456 0.0749589 -1.76211 3.71106 -0.13601
18.7915 -0.0549993 -0.0713074 0.648136 0.0121509 -0.088652 0.0098696 -0.0270292 0.0969033 -0.15028 0.0559678 0.0564833 0.130046 0.0480314
19.1219 -0.0168267 -0.106759 0.671864 0.0112445 -0.0528952 -0.0142969 -0.00968586 0.115561 -0.107323 0.0718337 -0.045891 0.318097 -0.150283
19.521 0.0219894 -0.0989146 0.676593 0.0102389 0.178569 0.139097 0.0263438 0.097243 0.0196509 0.0118457 4.90683 3.73585 0.784673
19.5521 0.0297338 -0.0947063 0.677716 0.0101646 -0.0060565 -0.0341457 0.0159786 0.249531 0.135596 0.0361987 -0.34211 -1.05037 0.436457
