t x y z s fx fy fz dx dy dz ddx ddy ddz
0 -0.0357783 -0.0555657 0.615975 1 0.0051892 0.00701741 -0.00554618 0 0 0 0.0996882 0.134809 -0.106546
0.297533 -0.0269533 -0.0436316 0.606543 0.948717 0.000620814 0.00967983 -0.00863389 0.0296605 0.0401103 -0.031701 -0.126747 -0.095567 0.0288331
0.664754 -0.0331533 -0.0417896 0.59879 0.889034 -0.00161957 -0.00021131 -0.011168 -0.0168836 0.00501605 -0.0211129 0.124524 -0.24128 0.0632185
0.95965 -0.0273032 -0.0612929 0.598062 0.843835 0.000666114 -0.00319133 -0.0136923 0.0198379 -0.0661363 -0.00247001 0.065069 0.213086 -0.0394272
1.09539 -0.0234115 -0.0663441 0.597 0.82381 0.00660282 -0.0227174 -0.00917685 0.0286703 -0.0372122 -0.00782182 0.121131 -0.108181 0.0609118
1.19544 -0.0193305 -0.0711501 0.596827 0.809355 0.00517458 -0.0252221 -0.0104159 0.0407896 -0.0480357 -0.00172754 0.017534 -0.0406786 0.0184086
1.66016 0.00341218 -0.102259 0.6 0.745467 0.0362544 -0.0430383 -0.0546593 0.048938 -0.0669401 0.00682738 0.265632 0.267917 -0.958233
1.69871 0.00569315 -0.104441 0.59884 0.7404 0.0293743 -0.0644551 0.00231855 0.0591768 -0.0566132 -0.0301076 0.080134 -0.117693 0.218062
1.93245 0.0239035 -0.124104 0.603716 0.710403 0.064743 -0.066738 0.00293614 0.0779076 -0.0841232 0.0208628 0.425436 0.27321 0.0246986
2.14202 0.058914 -0.129735 0.609173 0.684544 0.0637447 -0.0420518 -0.0174198 0.167064 -0.0268683 0.0260388 -0.378252 0.76564 -0.500736
2.23188 0.0708723 -0.125966 0.607469 0.673746 0.0801668 -0.0668905 -0.00127225 0.133073 0.0419346 -0.0189589 -0.216866 0.101364 -0.0891096
2.36407 0.0846737 -0.118652 0.603406 0.65817 0.101789 -0.0389267 -0.00193249 0.104405 0.0553339 -0.0307384 0.00748772 0.480085 -0.0159374
2.66369 0.116627 -0.0589761 0.592765 0.624187 0.106812 0.0226927 -0.00997636 0.106648 0.199174 -0.0355135 -0.459495 0.281311 0.014998
2.86338 0.1196 -0.00798319 0.586272 0.602517 0.117091 0.0541868 -0.0161527 0.0148886 0.255351 -0.0325184 -0.126904 -0.182763 -0.00136285
3.53434 0.0724594 0.0810698 0.56384 0.535071 0.0806132 0.0648833 -0.0318006 -0.070259 0.132725 -0.0334328 0.331863 -1.45543 0.0766534
3.59945 0.0692918 0.0835415 0.561988 0.528942 -0.0848023 0.196252 -0.0645795 -0.0486513 0.0379615 -0.0284419 -2.81238 1.18559 -0.530949
3.66465 0.0541658 0.0910558 0.557877 0.522875 0.0616358 0.108009 -0.0332471 -0.232007 0.115257 -0.0630577 0.616113 -0.784817 0.204577
3.83127 0.0326135 0.0884721 0.553049 0.507685 0.0175487 0.121837 -0.04026 -0.129353 -0.0155068 -0.0289716 0.031052 -0.239925 0.0918836
4.06752 0.00378624 0.0714165 0.551333 0.4869 -0.00999099 0.105874 -0.0416802 -0.122016 -0.0721908 -0.00726349 0.0763457 -0.114776 0.0436603
4.73236 -0.0435893 -0.0273104 0.565802 0.432865 0.00290048 -0.0475425 -0.0219406 -0.071259 -0.148498 0.0217635 1.23312 -1.01673 0.0518645
4.83301 -0.0382686 -0.0525584 0.568519 0.425224 -0.013915 0.0210218 -0.0340065 0.0528607 -0.250837 0.0269839 0.606791 0.963794 -0.247182
4.93936 -0.0257842 -0.0683341 0.568593 0.417297 -0.0180651 -0.0324543 -0.019149 0.117392 -0.14834 0.000696523 0.188998 0.065999 0.0756529
5.16827 0.0109903 -0.0988316 0.572716 0.400734 0.0138916 -0.0468503 -0.0165124 0.160654 -0.133232 0.0180138 0.0485358 0.354743 0.00410109
5.56954 0.0832724 -0.0951728 0.580605 0.373268 0.0797768 0.0645109 -0.00842002 0.180131 0.00911779 0.0196595 -0.0639946 2.18811 -0.0167609
5.63541 0.0948596 -0.0850789 0.581827 0.368943 0.0752941 -0.00751554 -0.0111838 0.175915 0.153244 0.0185555 -0.358565 0.364281 -0.0948923
5.74104 0.109441 -0.0648265 0.582728 0.362111 0.0836161 -0.0018406 -0.0146376 0.138039 0.191724 0.00853177 -0.402834 0.0203381 -0.16679
5.93994 0.120961 -0.0258887 0.577827 0.349589 0.0929678 0.0312502 -0.0160992 0.0579171 0.19577 -0.0246422 -0.286827 -0.0948692 -0.0537154
6.23571 0.112999 0.0237155 0.56584 0.331765 0.0790221 0.075989 -0.0259953 -0.0269188 0.16771 -0.0405298 -0.22757 -0.134333 -0.000477272
6.60361 0.0722944 0.0672335 0.550864 0.310856 0.00252028 0.0794643 -0.0482977 -0.110641 0.118289 -0.0407054 -0.738051 -0.811874 -0.157639
6.66876 0.0619537 0.071494 0.547543 0.307294 0.0297443 0.10678 -0.0394135 -0.158724 0.0653966 -0.0509754 0.0718989 -0.276936 0.0916323
6.77155 0.0463981 0.0752901 0.543272 0.301755 0.0211032 0.110972 -0.041766 -0.151334 0.0369303 -0.0415565 0.20087 -0.218618 0.10789
6.96801 0.0244196 0.0741073 0.539272 0.291446 -0.0124403 0.101103 -0.0461361 -0.11187 -0.00602047 -0.0203599 -0.0726621 -0.308336 0.0561231
7.23533 -0.010677 0.0504651 0.53784 0.277982 -0.0438274 0.0660479 -0.0442124 -0.131293 -0.0884432 -0.00535733 0.0534578 -0.38158 0.0840548
7.60347 -0.0517669 -0.0338107 0.547259 0.260452 0.00585016 0.0870558 -0.0222053 -0.111613 -0.22892 0.0255871 1.79132 1.88807 0.258691
7.66737 -0.0515846 -0.0407294 0.549951 0.257524 -0.0585638 -0.0141876 -0.0321987 0.00285384 -0.108271 0.0421176 0.358367 -0.130334 -0.0157361
8.03585 -0.00187638 -0.0983203 0.563333 0.24127 -0.0180949 -0.0500903 -0.0193467 0.134903 -0.156296 0.0363193 -0.0200858 0.374111 -0.0289539
8.37153 0.0411451 -0.10863 0.572263 0.227357 0.0807932 -0.0256522 0.00370928 0.12816 -0.0307122 0.0265999 1.08694 0.830375 0.248017
8.47143 0.064796 -0.103411 0.577395 0.223373 0.0525379 0.0141702 0.0013115 0.236745 0.0522423 0.0513769 -0.0904401 1.35389 0.0575986
8.53869 0.0803099 -0.0937728 0.581111 0.220731 0.0162314 -0.0437895 -0.0168096 0.230663 0.143302 0.0552508 -1.07128 -0.100321 -0.370676
8.63539 0.0925976 -0.0808531 0.582988 0.216986 0.0590895 -0.0289974 -0.00595519 0.127066 0.1336 0.019405 -0.300019 -0.0464653 -0.139604
8.85016 0.106049 -0.0543035 0.580716 0.208895 0.0835216 0.0220077 -0.00669656 0.062632 0.123621 -0.0105771 0.0345557 0.443118 -0.0651545
9.07175 0.121625 -0.00515065 0.575173 0.200863 0.0695996 0.0163124 -0.0232743 0.0702894 0.221814 -0.025015 -0.532459 -0.776665 -0.258745
9.20393 0.121613 0.0105992 0.567346 0.19622 0.0785618 0.0749012 -0.0182436 -9.10911e-05 0.119155 -0.059216 -0.231717 0.224206 0.0433206
9.65402 0.0746307 0.109649 0.549469 0.1812 0.0507641 0.110458 -0.0354642 -0.104384 0.220067 -0.039718 0.339992 -1.16405 0.0104187
9.80551 0.0666201 0.116272 0.543691 0.176407 -0.0286508 0.175459 -0.0390965 -0.0528784 0.0437252 -0.0381396 -1.11259 0.261969 0.0450936
9.97175 0.0270824 0.130781 0.538597 0.171294 -0.00558268 0.151981 -0.0427933 -0.237835 0.0872749 -0.0306433 0.416076 -0.540948 0.0549713
10.2395 -0.00677017 0.115359 0.534333 0.163367 -0.0592134 0.0944634 -0.0395929 -0.126411 -0.0575893 -0.0159221 -0.142684 -1.09813 0.166739
10.308 -0.0160913 0.106272 0.534025 0.1614 -0.0557206 0.1058 -0.0460134 -0.136178 -0.132754 -0.00450917 0.1234 -0.575986 0.0281445
10.3715 -0.0242397 0.0955217 0.533852 0.159597 -0.0604548 0.0901643 -0.0474389 -0.128343 -0.169323 -0.00272228 0.178406 -0.606425 -0.000431369
10.5394 -0.0407568 0.0500104 0.533383 0.154927 -0.0599788 0.0832203 -0.0428992 -0.0983952 -0.27112 -0.0027947 0.460848 0.310912 0.0921839
10.747 -0.041316 0.00711611 0.536778 0.149337 -0.0678465 0.0436636 -0.034774 -0.0026932 -0.206555 0.0163487 0.164924 0.265905 0.145695
10.9194 -0.0368791 -0.0205896 0.543926 0.144851 -0.0762781 0.0445745 -0.0252712 0.025738 -0.160716 0.0414651 -0.123984 0.738343 0.144189
11.0724 -0.035843 -0.0278978 0.553642 0.140983 -0.0275153 -0.0428775 -0.022374 0.00677341 -0.0477786 0.0635202 0.831638 -0.994074 -0.0277922
11.2717 -0.00146066 -0.0769044 0.565198 0.136098 -0.0275736 -0.00651049 -0.0134489 0.172517 -0.245896 0.0579812 -0.106988 0.988016 -0.072711
11.4752 0.0292254 -0.0860167 0.573988 0.131283 0.0110966 -0.019174 -0.00613109 0.150737 -0.0447622 0.0431793 0.0914989 0.575762 -0.0794079
11.6395 0.0564599 -0.0778301 0.578938 0.127522 0.0197846 0.0479869 -0.0105169 0.16577 0.0498303 0.0301332 -0.284621 1.54739 -0.239355
11.6768 0.0622373 -0.0738298 0.579728 0.126685 0.0177573 -0.0213495 -0.0116914 0.155173 0.107442 0.0212216 -0.415009 0.0398156 -0.262454
11.7757 0.0735266 -0.0628112 0.579259 0.124487 0.0380181 0.0162505 -0.00206132 0.114117 0.111381 -0.00474222 -0.168608 0.544408 -0.0255848
12.2075 0.0913637 0.0868161 0.57244 0.115329 0.0337899 0.101974 -0.0181804 0.0413042 0.346482 -0.0157909 -0.452777 -1.08421 -0.192573
12.4399 0.0765201 0.108791 0.558377 0.110684 0.0246995 0.154501 -0.0250555 -0.0638898 0.0945857 -0.0605316 -0.154092 -0.0629629 0.0186842
12.64 0.0575659 0.125197 0.547012 0.106834 -0.0106933 0.157734 -0.0375568 -0.0947236 0.0819868 -0.0567929 -0.410765 -0.29312 -0.0126578
12.8395 0.0223042 0.129885 0.535175 0.103127 -0.0296885 0.155132 -0.0437653 -0.176696 0.0234915 -0.059319 0.04849 -0.331457 0.0968627
13.2091 -0.0363709 0.0933013 0.526482 0.0966001 -0.068496 0.106186 -0.057626 -0.158777 -0.0989963 -0.0235239 0.409786 -0.356348 -0.0691304
13.2795 -0.0455218 0.0845601 0.524481 0.0954036 -0.0911366 0.0997876 -0.0538955 -0.129912 -0.124097 -0.0283934 0.10295 -0.26783 0.0483679
13.4097 -0.0606889 0.0638666 0.521605 0.0932312 -0.0967589 0.0868009 -0.0536288 -0.11651 -0.158963 -0.022097 0.266752 -0.0591638 0.096196
13.99 -0.038478 -0.0482949 0.541173 0.0841341 -0.0411968 -0.00629769 -0.0275262 0.038277 -0.193293 0.0337223 0.656004 0.368993 0.118552
14.2448 0.0138927 -0.0735903 0.557469 0.0804242 -0.0957269 0.0182487 -0.0413288 0.205476 -0.0992463 0.0639383 -1.67901 1.1661 -0.514551
14.3116 0.0201275 -0.0750198 0.559444 0.07948 -0.00409079 -0.0266897 -0.0157065 0.093414 -0.0214174 0.0295957 0.155669 0.196835 -0.00201934
14.713 0.0827152 -0.0518962 0.571 0.0740304 0.0175451 0.0694554 -0.0193208 0.155907 0.0576009 0.028785 -0.729728 1.46563 -0.296405
14.8195 0.0910425 -0.0291382 0.570704 0.0726484 0.0434137 0.0100379 -0.0140394 0.0781905 0.213691 -0.00278215 -0.257004 -0.380775 -0.136116
14.9467 0.0968298 -0.00811969 0.568148 0.0710319 0.0420208 0.0010314 -0.0251653 0.0455042 0.165263 -0.0200937 -0.336198 -0.873841 -0.272304
15.0121 0.0983678 -0.00104662 0.565667 0.070214 0.0530156 0.0757794 -0.00927434 0.0235007 0.108072 -0.0379154 -0.115416 0.524778 0.110612
15.3113 0.0950706 0.0782344 0.564222 0.0665945 0.0487251 0.115237 -0.0167564 -0.0110229 0.265045 -0.00482893 -0.0694016 -0.508811 -0.0651179
15.6815 0.0814738 0.106614 0.553506 0.0623714 0.0173383 0.220203 -0.0135847 -0.0367207 0.0766441 -0.0289406 -0.360266 1.28756 0.239732
15.8114 0.0706321 0.138273 0.55379 0.0609548 0.00388859 0.15653 -0.0390514 -0.0834988 0.243825 0.00218684 -0.32773 -0.830633 -0.309574
15.9118 0.0589446 0.15438 0.550889 0.0598815 0.00378129 0.189958 -0.0294905 -0.116404 0.160426 -0.0288956 -0.0470149 -0.354236 -0.0176178
16.3446 -0.000239868 0.157461 0.535083 0.0554671 -0.0513834 0.180276 -0.0347248 -0.136752 0.00711728 -0.0365203 0.0722149 -0.334541 0.195038
16.5116 -0.0210679 0.149315 0.534425 0.0538518 -0.0792438 0.164553 -0.0423714 -0.124689 -0.0487644 -0.00394118 -0.0810316 -0.383565 0.00351887
16.7115 -0.0492309 0.12424 0.533778 0.0519804 -0.0981599 0.134415 -0.0417674 -0.140887 -0.125438 -0.00323776 0.127428 -0.348479 0.0248524
16.9168 -0.0727837 0.0838016 0.534161 0.0501261 -0.0967086 -0.130583 -0.0558955 -0.114727 -0.196979 0.00186427 0.56578 -4.5389 -0.264159
16.98 -0.0777759 0.0531992 0.533222 0.0495684 -0.0887269 0.144576 -0.041615 -0.0789521 -0.483978 -0.0148387 0.754438 1.8283 0.0564596
17.1476 -0.0698251 0.0234345 0.532321 0.0481205 -0.10322 0.0482262 -0.0389887 0.0474534 -0.177648 -0.00537898 0.108397 0.0232794 0.106814
17.548 -0.0334438 -0.0439666 0.547293 0.0448292 -0.0666162 0.00691172 -0.025303 0.0908578 -0.168326 0.0373917 0.0433341 0.509474 0.00597629
17.7796 -0.0100829 -0.0556272 0.556272 0.0430297 -0.0568639 -0.00741148 -0.0197351 0.100892 -0.0503599 0.0387754 -0.232467 0.256211 -0.0633555
17.9115 -0.000819506 -0.0578121 0.560284 0.042037 -0.041077 -0.0148876 -0.016214 0.0702282 -0.0165646 0.0304186 -0.0528731 0.0968176 -0.059225
18.0483 0.00780075 -0.0582659 0.563338 0.0410314 -0.0122103 -0.00605596 -0.00850739 0.0629928 -0.0033156 0.0223139 0.350113 0.252757 0.0432857
18.3799 0.067172 -0.0315809 0.575494 0.0386936 0.0106479 0.0334807 -0.00625341 0.179072 0.0804859 0.0366653 -0.547055 0.356414 -0.173473
18.5475 0.0818177 -0.00807349 0.576765 0.0375628 0.0226897 0.038802 -0.0135045 0.0873685 0.140232 0.00758572 -0.437702 -0.095246 -0.288137
18.6833 0.0856103 0.00921415 0.572482 0.036671 0.0396648 0.0543685 -0.00217005 0.0279263 0.127297 -0.0315448 -0.0808955 -0.105794 0.0784276
18.7795 0.087548 0.02048 0.570173 0.0360521 0.0430686 0.0855199 -0.00297796 0.020145 0.117121 -0.0240009 -0.0383742 0.293906 0.0938009
19.054 0.0901862 0.0747939 0.570654 0.0343426 0.037185 0.136862 -0.00481708 0.00960871 0.197818 0.00175362 -0.181253 0.0987116 0.00360167
19.3186 0.0800415 0.134039 0.57137 0.032772 0.0270957 0.15757 -0.0195686 -0.0383447 0.223933 0.0027065 -0.0952856 -0.685981 -0.296433
19.5402 0.0668692 0.149981 0.55742 0.0315121 0.0204559 0.193932 -0.0191603 -0.0594553 0.071954 -0.0629682 0.0684922 -0.032138 0.0912517
19.7937 0.0561982 0.166157 0.547321 0.0301298 -0.0070907 0.208842 -0.0305774 -0.0420911 0.0638064 -0.039834 -0.283332 -0.0420145 0.0250698
19.9181 0.0465757 0.173445 0.542753 0.0294738 -0.0148403 0.199577 -0.0321813 -0.0773419 0.0585791 -0.036715 -0.185735 -0.350803 0.0761279
20.0833 0.0287305 0.173549 0.538765 0.0286248 -0.0185459 0.209671 -0.0342857 -0.108024 0.000627974 -0.024139 0.139973 -0.0590498 0.0900184
20.2485 0.0147027 0.17204 0.537235 0.0278 -0.0402693 0.206916 -0.0383682 -0.0848961 -0.00912913 -0.00926475 -0.0462912 -0.0659546 0.0147826
20.5839 -0.0189808 0.161558 0.53579 0.0261982 -0.0771956 0.183536 -0.0413176 -0.100423 -0.0312514 -0.00430644 -0.0793515 -0.275199 -0.0239273
20.952 -0.0666975 0.112767 0.530963 0.0245463 -0.0556551 0.1909 -0.0254318 -0.129632 -0.132551 -0.0131139 1.30395 0.978176 0.387797
21.0168 -0.0696231 0.108285 0.531741 0.0242665 -0.180636 -0.0471434 -0.0460617 -0.0451644 -0.0691863 0.0120068 -1.18551 -3.6175 -0.0668465
21.0844 -0.0780929 0.0870792 0.532247 0.023978 -0.112374 0.136479 -0.0402467 -0.1253 -0.313715 0.00748824 0.426713 0.737655 0.0426737
21.3156 -0.084253 0.0539786 0.536259 0.0230169 -0.125478 0.102349 -0.0377852 -0.0266441 -0.143169 0.0173544 0.125335 0.425156 -0.00483978
21.516 -0.0845583 0.0423628 0.539543 0.022215 -0.103738 0.0266272 -0.0291967 -0.00152286 -0.0579535 0.0163843 0.506955 -0.95253 0.0980893
21.7519 -0.0567161 -0.0242943 0.548864 0.021307 -0.093162 0.0165179 -0.0223396 0.118046 -0.282615 0.0395195 -0.0287377 0.520116 0.0102785
22.1202 -0.0171349 -0.0578275 0.564815 0.0199626 -0.0810836 0.0233826 -0.0206925 0.107461 -0.0910416 0.0433053 -0.536753 0.967452 -0.27208
22.1839 -0.0124685 -0.059702 0.566469 0.019739 -0.0110149 -0.0088531 -0.00349364 0.0732831 -0.029438 0.0259803 0.778756 0.278414 0.0561315
22.3852 0.0338166 -0.0543511 0.573971 0.0190485 -0.0381387 -0.007409 -0.0136664 0.23 0.02659 0.0372762 -0.89966 0.107314 -0.303365
22.5544 0.0469763 -0.0467796 0.571593 0.0184867 0.0340789 0.0264017 0.000750597 0.0777744 0.0447479 -0.0140541 0.497344 0.580371 0.10703
22.6839 0.0653946 -0.0312461 0.571568 0.0180678 0.0257798 0.0260155 -0.00384981 0.142195 0.119923 -0.000190633 -0.125939 0.14551 -0.00502849
23.0193 0.0989197 0.0253459 0.570938 0.0170268 0.0493279 0.0925892 -0.00243062 0.0999542 0.168727 -0.00187722 -0.243364 0.253744 0.0363969
23.1889 0.108872 0.0612569 0.571667 0.0165234 0.0390129 0.0872366 -0.0158826 0.0586833 0.211759 0.00429516 -0.560987 -0.612736 -0.247026
23.3205 0.106874 0.0785153 0.567951 0.016143 0.0341117 0.258459 0.0106013 -0.0151718 0.131091 -0.0282263 -0.489262 2.48376 0.388713
23.388 0.103626 0.0986498 0.567815 0.0159515 0.055593 0.101837 -0.0177348 -0.0481647 0.298581 -0.00201383 0.0427998 -1.1996 -0.198227
23.4877 0.099248 0.116497 0.565642 0.0156725 0.0508397 0.139903 -0.0172585 -0.0438958 0.178933 -0.021785 0.0287053 -0.605489 -0.113586
23.6876 0.0916211 0.128071 0.55675 0.0151279 0.0385552 0.176932 -0.0195037 -0.0381584 0.0579112 -0.0444879 -0.069762 0.0916302 0.0526776
23.889 0.0811038 0.143455 0.549926 0.0145982 0.0159619 0.179682 -0.0271526 -0.0522112 0.0763691 -0.0338766 -0.276758 -0.182617 0.0181761
24.1526 0.0481163 0.150898 0.54226 0.0139331 -0.0146511 0.177109 -0.0349745 -0.125156 0.0282368 -0.0290859 -0.104742 -0.292098 0.00642003
24.3517 0.0190393 0.144937 0.536722 0.0134507 -0.0540672 0.132162 -0.0439092 -0.146014 -0.0299311 -0.0278075 -0.266755 -0.940952 -0.0614239
24.5897 -0.030821 0.0845163 0.526625 0.012896 -0.0739289 0.111852 -0.0434809 -0.209501 -0.253874 -0.0424261 0.419512 0.214571 0.165454
24.988 -0.0477121 0.0174381 0.535975 0.0120185 -0.0751052 0.0557105 -0.0297364 -0.0424072 -0.168409 0.0234752 0.435693 0.278106 0.135933
25.1552 -0.0426296 -0.00293992 0.543696 0.0116683 -0.0587923 0.0151297 -0.0276328 0.0304101 -0.121929 0.0461937 0.526877 -0.189754 -0.0112842
25.2559 -0.0342219 -0.0171454 0.548234 0.0114622 -0.0696454 0.0142956 -0.0230779 0.0834766 -0.141041 0.0450572 0.0660118 0.100026 -0.0091741
25.6566 0.00982467 -0.0575997 0.564815 0.0106777 -0.0251307 0.00357973 -0.00888223 0.109927 -0.100962 0.0413812 0.030807 0.602711 -0.0493086
25.8771 0.0355692 -0.0505475 0.571543 0.010269 -0.0138348 0.00755236 -0.00454915 0.116722 0.031974 0.0305056 -0.257784 0.315263 -0.0769638
