t x y z s fx fy fz dx dy dz ddx ddy ddz
0 0.229801 0.0712061 0.772359 1 -0.00144072 0.000305901 0.000502834 0 0 0 -0.0308882 0.00655834 0.0107804
0.334125 0.226353 0.0719383 0.773563 0.936152 0.0205128 -0.000729534 0.000113904 -0.0103205 0.0021913 0.00360202 0.0949642 -0.020661 -0.0455973
0.497632 0.227204 0.0717442 0.772932 0.906409 0.0253074 -0.00568653 0.000938702 0.00520678 -0.00118691 -0.00385345 -0.0545551 -0.109366 -0.00725014
0.629658 0.22694 0.0696811 0.772297 0.883084 0.0352798 0.00211979 -0.000229131 -0.00199592 -0.0156261 -0.00481066 0.0185036 0.135352 -0.0224355
0.765941 0.227012 0.0700655 0.771225 0.859636 0.0420081 -0.00242086 0.000154891 0.000525802 0.00282002 -0.00786823 -0.00466759 -0.00014485 0.00902096
1.12146 0.226609 0.0710497 0.769568 0.801358 0.062018 0.00166376 -0.00228664 -0.00113359 0.00276852 -0.00466115 0.0358755 0.0800049 -0.0279386
1.26614 0.227196 0.0731251 0.768309 0.778787 0.0676451 -0.00517819 -0.000911159 0.00405706 0.014344 -0.00870344 -0.0210491 -0.128114 0.0308812
1.43058 0.227294 0.0720194 0.767713 0.753905 0.0759229 -0.000480847 -0.00196409 0.000595654 -0.00672357 -0.00362521 -0.00994308 0.0424962 0.005376
1.67078 0.226863 0.0728562 0.767152 0.718982 0.0872865 -0.00324747 -0.00223781 -0.00179265 0.0034839 -0.00233392 0.00762921 -0.0461948 0.000665698
2.03378 0.227218 0.0680339 0.766392 0.66925 0.103361 -0.0199142 0.000501204 0.000976734 -0.0132847 -0.00209227 -0.00223119 -0.256387 0.0632679
2.34613 0.227305 0.0388711 0.771911 0.629219 0.112895 -0.0202811 0.00716137 0.000279825 -0.0933666 0.0176693 -0.0733285 0.523875 0.0402285
2.43401 0.226764 0.0347118 0.773775 0.618394 0.120895 -0.0504092 0.00561648 -0.0061648 -0.0473247 0.0212049 0.0478175 -0.11865 -0.0422271
2.73362 0.229209 0.0098823 0.776338 0.582869 0.135526 -0.0720245 0.00285686 0.00816176 -0.0828732 0.00855328 0.0376051 0.0267078 -0.140601
2.83335 0.230397 0.00188285 0.775792 0.571503 0.134917 -0.0809207 0.0109402 0.0119122 -0.0802095 -0.00546916 -0.0861938 0.00502305 0.0685562
3.13613 0.226102 -0.0219422 0.780421 0.538336 0.14167 -0.132676 0.0132547 -0.0141852 -0.0786887 0.015288 -0.0270918 -0.588967 -0.0288292
3.2678 0.223765 -0.0425143 0.781934 0.524519 0.148061 -0.0923032 0.0174665 -0.0177524 -0.156239 0.011492 0.0719813 0.86958 0.0329891
3.4016 0.222678 -0.0478512 0.784063 0.510842 0.151223 -0.162956 0.0169278 -0.00812112 -0.0398861 0.0159061 0.0506669 -0.75069 -0.0359369
3.43606 0.222458 -0.0501167 0.784568 0.507378 0.149406 -0.136031 0.0215089 -0.00637534 -0.0657519 0.0146678 -0.0107281 -0.0744414 0.052986
3.83374 0.218226 -0.0880381 0.798781 0.469059 0.154687 -0.170738 0.0314417 -0.0106417 -0.0953559 0.0357394 -0.0617761 0.060172 -0.0883835
4.06563 0.212437 -0.106914 0.802316 0.448065 0.153081 -0.197971 0.0323747 -0.0249669 -0.0814027 0.0152443 -0.0888186 -0.140874 -0.109909
4.20163 0.207398 -0.120591 0.802356 0.436193 0.157166 -0.199724 0.0355527 -0.0370461 -0.100561 0.000296842 0.0484053 0.154268 -0.0168272
4.60125 0.200324 -0.136141 0.799788 0.403095 0.13908 -0.490905 0.0438517 -0.0177021 -0.038912 -0.00642772 -0.452096 -5.86559 0.221119
4.63505 0.19921 -0.144153 0.799823 0.400414 0.18209 -0.0654108 0.0210439 -0.0329789 -0.237116 0.00104411 0.504772 3.80922 -0.283595
4.6831 0.198791 -0.146751 0.799218 0.396633 0.155694 -0.240658 0.0391616 -0.00872014 -0.054049 -0.0125851 -0.124639 -0.242452 0.143032
4.87707 0.19241 -0.166355 0.802158 0.381729 0.155859 -0.243325 0.0351996 -0.0328953 -0.101075 0.0151575 -0.0403318 0.214337 -0.0617197
5.03484 0.186216 -0.176967 0.803013 0.370019 0.131289 -0.319291 0.00737461 -0.0392586 -0.0672585 0.0054197 -0.502515 -1.24893 -0.66074
5.07263 0.184015 -0.181293 0.802274 0.367268 0.158643 -0.261052 0.0341072 -0.0582512 -0.114462 -0.019553 0.148654 0.183587 -0.0245385
5.40166 0.180941 -0.199079 0.793184 0.344165 0.161398 -0.284684 0.029481 -0.00934079 -0.0540582 -0.0276267 0.0211524 -0.0521997 0.081093
5.74123 0.180209 -0.223456 0.793154 0.321844 0.167491 -0.301655 0.0289534 -0.00215793 -0.071784 -8.94054e-05 0.000390275 0.145761 0.0122687
6.1175 0.179452 -0.229829 0.794857 0.298799 0.164335 -0.337305 0.0370975 -0.00201109 -0.0169394 0.00452684 -0.209608 -0.581715 0.13597
6.16957 0.178779 -0.232289 0.795462 0.295742 0.176601 -0.315886 0.0313159 -0.0129258 -0.0472304 0.011607 0.0677296 -0.0109736 -0.0152535
6.37315 0.178955 -0.242359 0.797192 0.284089 0.178525 -0.320542 0.0331265 0.000862522 -0.0494644 0.00850175 -0.00125512 0.112089 -0.0103842
6.73746 0.179102 -0.245502 0.798911 0.26437 0.185453 -0.324566 0.0348822 0.000405259 -0.00862858 0.00471862 0.00954375 0.0195147 -0.00708019
6.87903 0.179351 -0.246333 0.799438 0.257082 0.185759 -0.325674 0.0354506 0.00175634 -0.00586595 0.0037163 -0.0418807 0.00995841 -0.0059992
7.00963 0.178866 -0.246929 0.799821 0.250537 0.188365 -0.326726 0.0362758 -0.0037132 -0.0045654 0.00293282 -0.0100721 -0.000788583 0.00340995
7.33776 0.176563 -0.248512 0.80115 0.234818 0.197292 -0.326959 0.0334434 -0.00701816 -0.00482416 0.00405172 0.129062 0.0323195 -0.0917375
7.42148 0.17688 -0.248689 0.800846 0.230968 0.193327 -0.326647 0.0356896 0.00378763 -0.00211818 -0.00362908 -0.00990382 0.0385156 -0.0232608
7.51395 0.177146 -0.248556 0.800312 0.226789 0.191525 -0.327254 0.038891 0.00287183 0.00144332 -0.00577998 -0.0811801 0.0167856 0.0599553
7.76988 0.172563 -0.247087 0.80276 0.215612 0.185568 -0.329583 0.0445861 -0.0179046 0.00573925 0.00956438 -0.147576 -0.0702599 0.0974666
8.00558 0.160145 -0.249637 0.810429 0.205807 0.176299 -0.32795 0.048441 -0.0526884 -0.0108211 0.0325373 -0.0807027 0.0534589 -0.0307132
8.15547 0.150435 -0.250058 0.814615 0.199805 0.174664 -0.328775 0.0518401 -0.0647843 -0.00280856 0.027934 0.074401 0.0308352 -0.0402152
8.34242 0.140924 -0.249506 0.818432 0.192564 0.16427 -0.329076 0.0559617 -0.0508749 0.00295611 0.0204157 -0.0209408 0.00317074 -0.0210014
8.77486 0.115007 -0.247634 0.823333 0.176803 0.189994 -0.323921 0.034901 -0.0599306 0.00432727 0.0113338 0.995301 0.0746166 -0.563977
8.81031 0.114133 -0.247387 0.823026 0.17557 0.125136 -0.331574 0.0779895 -0.0246453 0.00697257 -0.00866021 -0.452607 -0.0995386 0.40444
8.87447 0.110689 -0.24735 0.824136 0.173359 0.142796 -0.327549 0.0625634 -0.0536872 0.000585586 0.017291 0.0403684 -0.001286 -0.000366997
9.27329 0.095698 -0.247321 0.830973 0.160231 0.125476 -0.330896 0.0702689 -0.0375877 7.27125e-05 0.0171447 -0.130619 -0.0696408 0.0153706
9.47364 0.082924 -0.250102 0.835025 0.154015 0.121868 -0.330548 0.0716574 -0.0637576 -0.01388 0.0202242 0.0733958 0.0256607 -0.0491307
9.74836 0.070948 -0.251978 0.836873 0.145883 0.12691 -0.337063 0.0924273 -0.0435947 -0.00683066 0.00672732 0.343738 -0.0854225 0.38047
9.80562 0.0695787 -0.252649 0.838506 0.144243 0.112814 -0.331194 0.0693019 -0.0239116 -0.0117221 0.0285138 0.0218599 0.0645702 -0.192501
9.94147 0.0667338 -0.25305 0.838827 0.140425 0.106232 -0.33306 0.0732127 -0.0209419 -0.00295033 0.00236281 -0.0901693 0.0172302 -0.066307
10.2059 0.0548917 -0.252625 0.834816 0.133281 0.103372 -0.333708 0.0741963 -0.0447847 0.00160573 -0.0151703 0.0990481 -0.0128407 0.0726888
10.5057 0.0503684 -0.253298 0.836803 0.125618 0.0933982 -0.333172 0.0742677 -0.0150851 -0.00224456 0.00662555 -0.127385 0.0222386 -0.01201
10.7775 0.0368616 -0.252266 0.837716 0.119055 0.0767285 -0.32822 0.068944 -0.0497023 0.00379887 0.00336179 -0.173892 0.0962274 -0.141049
10.9464 0.0235042 -0.248879 0.834259 0.11515 0.0756125 -0.330921 0.0715481 -0.079076 0.0200535 -0.0204642 0.118059 -0.0645664 0.0336423
11.1738 0.0116287 -0.247657 0.831346 0.110095 0.0645529 -0.328358 0.068519 -0.0522362 0.00537492 -0.0128159 0.0493619 -0.00650531 0.0152861
11.4234 0.00166369 -0.24672 0.829099 0.104798 0.048089 -0.324049 0.0621919 -0.0399117 0.00375069 -0.00899929 -0.14998 0.0701609 -0.0807806
11.5835 -0.00856457 -0.244323 0.82559 0.101538 0.0496478 -0.326544 0.0646194 -0.0639134 0.0149788 -0.0219269 0.126361 -0.0555031 0.0705023
11.8417 -0.0166427 -0.244157 0.82463 0.0964896 0.031943 -0.317684 0.0537187 -0.0312763 0.000643194 -0.00371727 -0.177289 0.159564 -0.178749
12.0103 -0.0269496 -0.239516 0.818926 0.0933313 0.0375602 -0.321576 0.0572126 -0.0611557 0.0275353 -0.0338428 0.199717 -0.0742027 0.0754531
12.1812 -0.0315678 -0.236978 0.815346 0.0902336 0.0112892 -0.311697 0.051682 -0.0270175 0.0148516 -0.0209454 -0.351246 0.108211 0.00816115
12.2805 -0.0377171 -0.234435 0.813346 0.088481 0.0226256 -0.315531 0.0502842 -0.0619071 0.0256003 -0.0201347 0.0785047 -0.0487011 0.0190986
12.5791 -0.0492016 -0.231133 0.809037 0.0834161 0.0125355 -0.311272 0.0464491 -0.0384723 0.0110623 -0.0144335 0.0286736 0.000868855 0.0171007
12.8789 -0.0581582 -0.227738 0.806247 0.0786214 0.00556629 -0.312668 0.0553705 -0.0298762 0.0113228 -0.00930691 0.0218664 -0.101231 0.257207
13.0187 -0.0619086 -0.228134 0.809975 0.0764801 -0.00134597 -0.303722 0.0423675 -0.0268184 -0.00283363 0.0266615 -0.0664947 0.126718 -0.170991
13.2414 -0.0711792 -0.222481 0.807432 0.0731896 -0.00403286 -0.303424 0.0459986 -0.0416272 0.0253873 -0.0114195 0.0804546 -0.0414611 0.0336158
13.5502 -0.0763619 -0.218595 0.807111 0.0688603 -0.00543377 -0.30465 0.0469809 -0.0167842 0.0125848 -0.00103953 0.0841586 -0.125509 0.0406137
13.6458 -0.0771973 -0.218538 0.807383 0.067573 -0.00703571 -0.300576 0.045199 -0.00874106 0.000589793 0.00284195 0.0434589 -0.016066 -0.0111646
13.7462 -0.0776368 -0.218641 0.807556 0.0662455 -0.00155173 -0.300923 0.0430691 -0.00437457 -0.00102442 0.00172021 0.152965 -0.017894 -0.0587007
13.8132 -0.0772436 -0.21879 0.807407 0.0653751 -0.00890583 -0.299618 0.0455602 0.00587133 -0.002223 -0.00221169 -0.0387602 0.015769 0.00521311
14.1867 -0.0804586 -0.21742 0.807309 0.0607266 -0.0097398 -0.296355 0.0455266 -0.00860704 0.00366731 -0.000264407 0.00812405 0.0461516 0.0017608
14.4453 -0.0821411 -0.213385 0.807358 0.0577035 -0.0120022 -0.294578 0.0465641 -0.00650616 0.0156021 0.000190937 -0.0291016 -0.0244374 0.0213457
14.6797 -0.0852639 -0.211071 0.808575 0.0550941 -0.00912335 -0.285864 0.0459951 -0.0133259 0.0098754 0.00519315 0.0947265 0.124375 -0.0271629
14.8214 -0.08525 -0.207174 0.808765 0.0535738 -0.0129912 -0.285341 0.0450393 9.81625e-05 0.0275011 0.00134378 -0.0246806 0.018585 -0.0447206
14.9782 -0.0858415 -0.202405 0.807877 0.0519403 -0.00912684 -0.269114 0.046611 -0.00377193 0.0304153 -0.00566871 0.0670518 0.259013 0.0210881
15.2177 -0.0828994 -0.180267 0.807728 0.0495414 -0.00964575 -0.260768 0.046674 0.0122854 0.0924429 -0.000618606 -0.0544187 -0.155064 0.0153545
15.5135 -0.0840269 -0.16649 0.808889 0.0467305 -0.00824962 -0.239818 0.0442398 -0.00381156 0.0465752 0.00392324 0.0112471 0.0873365 -0.0710966
15.6161 -0.0842995 -0.160793 0.808543 0.0457935 -0.00787924 -0.237601 0.0458917 -0.00265783 0.0555342 -0.00336985 0.0163846 -0.00423553 -0.0145107
15.8778 -0.0838725 -0.146546 0.806667 0.0434865 -0.00731545 -0.219699 0.0388156 0.00163131 0.0544254 -0.00716844 -0.00475402 0.0767962 -0.119255
15.9838 -0.083753 -0.139916 0.804568 0.042586 -0.00381242 -0.21622 0.0328684 0.00112754 0.0625634 -0.0198057 0.0625682 -0.00615454 -0.177747
16.1138 -0.0825486 -0.131885 0.798988 0.0415065 -0.00218329 -0.192838 0.0450495 0.00926289 0.0617631 -0.0429171 0.0486595 0.324762 0.247105
16.2164 -0.0810869 -0.122136 0.797185 0.0406744 -0.00780522 -0.212076 0.0372286 0.014253 0.0950678 -0.0175763 -0.118492 -0.36038 0.0692805
16.3817 -0.0819685 -0.116268 0.796173 0.0393683 -0.00379456 -0.19718 0.0371006 -0.00533343 0.0354981 -0.00612439 0.0149821 -0.0522965 0.0659672
16.6154 -0.0823966 -0.110828 0.798346 0.0375924 -0.00475387 -0.188764 0.0365629 -0.00183134 0.0232737 0.00929552 -0.01532 0.0353507 -0.022141
16.9458 -0.0846739 -0.09928 0.799 0.0352182 -0.00410724 -0.17597 0.0368397 -0.00689279 0.034953 0.0019805 0.0407652 0.0402297 -0.0167768
17.0895 -0.0848227 -0.0934283 0.798938 0.0342332 -0.00268343 -0.135599 0.0305616 -0.00103638 0.0407325 -0.000429693 0.0564871 0.769449 -0.145667
17.1569 -0.0846358 -0.0871827 0.798247 0.0337804 -0.00414761 -0.173102 0.037181 0.00277271 0.0926187 -0.0102525 0.0106731 -0.267877 0.029797
17.4164 -0.0831981 -0.0811841 0.797593 0.0320934 -0.00298578 -0.164215 0.0351056 0.00554169 0.0231221 -0.0025221 -0.0121382 -0.072294 -0.0158977
17.6158 -0.0825756 -0.0794485 0.796457 0.0308538 -0.00124824 -0.146975 0.0330565 0.00312024 0.00870014 -0.00569354 0.00789736 0.288049 -0.029695
17.832 -0.0815325 -0.0641154 0.79384 0.0295648 0.00418007 -0.134745 0.0271527 0.00482694 0.0709504 -0.0121109 0.0897866 0.102451 -0.0881595
17.9137 -0.0805371 -0.0576272 0.792259 0.0290912 0.000950643 -0.138019 0.0293924 0.0121704 0.0793297 -0.0193213 -0.0181258 -0.122791 0.00745086
18.3161 -0.0785746 -0.0455872 0.785691 0.0268693 0.00361492 -0.120095 0.0231924 0.00487727 0.0299233 -0.0163234 -0.00435436 0.0986018 0.00905576
18.554 -0.0776609 -0.0328908 0.782321 0.0256364 0.00196849 -0.119303 0.0263212 0.00384153 0.053377 -0.0141693 -0.0657248 -0.201292 0.143969
18.72 -0.0788355 -0.0295779 0.783938 0.0248094 0.00316436 -0.10434 0.0226356 -0.00707308 0.0199495 0.00973884 0.000345805 0.112756 -0.0157666
18.9819 -0.0806642 -0.0166195 0.785407 0.023559 0.00486974 -0.0987874 0.0210641 -0.00698251 0.0494795 0.00560966 0.067352 -0.102346 -0.0733394
19.1497 -0.0799396 -0.0111988 0.784284 0.0227912 0.0035112 -0.0910598 0.0226647 0.00431828 0.0323071 -0.00669574 -0.0042519 -0.0197795 0.00847521
19.4892 -0.0789637 -0.00251132 0.782988 0.0213136 0.0037645 -0.0841629 0.0249874 0.00287497 0.0255929 -0.00381883 -0.0271253 -0.0449514 0.0801947
19.6498 -0.0792021 0.000440353 0.784444 0.020648 0.00200963 -0.0780895 0.022061 -0.00148344 0.0183703 0.0090666 -0.0558527 0.0359839 -0.0386481
19.7856 -0.0804334 0.00359847 0.784963 0.0201017 0.00524758 -0.0704723 0.0206648 -0.00906791 0.0232567 0.00381842 0.0507586 0.122339 -0.0697654
20.0349 -0.0795401 0.0169963 0.78158 0.0191362 0.00519852 -0.0614077 0.0181081 0.00358406 0.0537507 -0.0135712 -0.000338753 -0.0288122 -0.018942
20.3859 -0.0783236 0.0323151 0.774482 0.0178546 0.00567377 -0.0499836 0.0122661 0.00346514 0.0436359 -0.020221 -0.0248048 -0.0926173 0.0204456
20.6855 -0.0795108 0.0370762 0.770259 0.0168293 0.0179386 -0.0500427 -0.00817985 -0.00396399 0.0158966 -0.0140974 0.270802 -0.142528 -0.339369
20.7243 -0.0792553 0.0374789 0.769198 0.0167005 0.0067096 -0.0286523 0.0120473 0.00656888 0.010353 -0.0272972 0.00350007 0.318098 0.142332
20.7866 -0.0788325 0.0393583 0.768049 0.0164963 0.00457368 -0.0483429 0.00943451 0.00678692 0.0301692 -0.0184305 -0.0531778 -0.182303 0.0938796
20.9178 -0.078857 0.0401795 0.767247 0.0160747 0.00437612 -0.0319651 0.00531654 -0.000186759 0.00626224 -0.00611926 -0.046412 0.197162 -0.000911846
21.1855 -0.0822339 0.0559891 0.765543 0.0152469 0.00322497 -0.0264937 0.00474684 -0.0126129 0.0590494 -0.0063634 0.0194498 -0.125514 0.0236698
21.5927 -0.0841449 0.059223 0.766877 0.014069 -0.000978283 -0.00979185 0.00050084 -0.00469326 0.00794221 0.00327453 -0.0529715 0.261508 -0.114712
21.6859 -0.0850426 0.0622352 0.766185 0.0138124 -0.0035007 -0.0313717 0.00808898 -0.00963057 0.0323166 -0.00741745 -0.0801003 -0.312409 0.0832365
21.7448 -0.0858875 0.0630549 0.766037 0.0136527 0.00173508 -0.0178686 0.00588528 -0.0143476 0.0139191 -0.00251574 0.0582147 -0.00516891 0.029729
21.9181 -0.0866256 0.0653117 0.766494 0.0131934 -0.000216606 -0.0137935 0.00491632 -0.00425958 0.0130234 0.002636 0.00969785 0.0356386 -0.0108276
22.1568 -0.0870898 0.0704502 0.766506 0.0125861 -0.000887351 -0.0101964 0.00492867 -0.00194494 0.0215295 5.1716e-05 -0.00334043 -0.0135786 -0.00601771
22.7213 -0.0892526 0.0782771 0.764617 0.0112583 -0.00359475 -0.00955556 0.00657094 -0.00383085 0.0138634 -0.00334571 -0.0205196 -0.152633 0.0758843
22.7857 -0.0895839 0.0785373 0.764716 0.0111162 -0.00153917 -0.00247855 0.00260684 -0.00515073 0.00404557 0.0015354 0.0322089 0.0123745 -0.0206151
22.9531 -0.0895433 0.0795618 0.764395 0.0107547 0.000517539 0.00806335 0.00188896 0.000242938 0.00611779 -0.00191679 0.0626049 0.212533 -0.0225912
23.0259 -0.0891938 0.0811334 0.764136 0.0106012 -0.00524007 -0.0107941 0.00223602 0.00480039 0.0215895 -0.00356136 -0.0781205 -0.255089 -0.00647537
23.1231 -0.0894654 0.0808215 0.763728 0.0103996 -0.0031277 0.000811819 1.97422e-05 -0.00279401 -0.00320862 -0.00419085 -0.0138305 0.0480236 -0.0440977
