t x y z s fx fy fz dx dy dz ddx ddy ddz
0 0.212892 0.0830366 0.818397 1 -0.0167996 0.0041318 -0.00904842 0 0 0 -0.371165 0.0912864 -0.199912
0.240372 0.191447 0.088311 0.806846 0.952264 -0.00521627 0.00334338 -0.0123165 -0.0892176 0.0219427 -0.0480533 0.159846 -0.0481268 0.0720466
0.74072 0.186824 0.0872416 0.80084 0.860081 0.0160562 -0.000413481 -0.0156202 -0.00923905 -0.00213744 -0.012005 -0.150277 0.0132684 0.0489595
0.805758 0.185588 0.0871587 0.800266 0.848773 0.0334963 -0.00205097 -0.0140709 -0.0190128 -0.00127448 -0.00882073 0.192838 -0.0138062 0.0881527
0.904781 0.185596 0.0868971 0.800257 0.831841 0.0319832 -0.00247288 -0.0173081 8.26074e-05 -0.00264162 -9.15803e-05 -0.0115239 -0.00120469 -0.00254204
1.07589 0.185273 0.0864098 0.800167 0.803377 0.040113 -0.00373063 -0.0176215 -0.00188918 -0.00284775 -0.000526535 -0.0444879 0.00477804 -0.0101896
1.37462 0.180738 0.0859855 0.7991 0.755994 0.054744 -0.00782113 -0.017813 -0.0151794 -0.00142037 -0.00357056 0.0329729 -0.0414247 0.00921315
1.64089 0.179034 0.0826704 0.798803 0.716123 0.0673477 -0.0136652 -0.0163805 -0.00639985 -0.0124503 -0.00111742 0.018502 -0.0438492 0.0375843
1.74037 0.17858 0.0809978 0.799063 0.701771 0.0700802 -0.0135636 -0.0170316 -0.00455918 -0.0168127 0.00262166 -0.0274897 0.0153647 0.00824784
1.91143 0.176996 0.0785715 0.799753 0.677764 0.0804357 -0.0188344 -0.0152015 -0.00926151 -0.0141844 0.00403252 0.0569903 -0.0336142 0.0276396
2.10811 0.177379 0.0744814 0.801615 0.651174 0.0854424 -0.0332525 -0.0116737 0.00194733 -0.0207956 0.00946868 -0.0718974 -0.227622 0.0503573
2.30842 0.174884 0.0611831 0.805533 0.625165 0.0939728 -0.0388569 -0.0113388 -0.0124542 -0.0663898 0.0195556 -0.00417753 0.0531106 -0.0519848
2.64008 0.170294 0.0450063 0.8063 0.584365 0.103765 -0.0805545 -0.00890305 -0.0138397 -0.048775 0.00231419 -0.00421812 -0.513154 0.0138231
2.78459 0.168206 0.0272419 0.806923 0.567432 0.109293 -0.0710152 -0.00996327 -0.0144492 -0.12293 0.00431174 0.0322314 0.250066 -0.0294399
3.07635 0.166734 0.0126625 0.805675 0.534724 0.121694 -0.0857146 -0.0107885 -0.00504534 -0.0499702 -0.00427771 0.0631892 0.129205 -0.00722847
3.20787 0.167164 0.00832528 0.804987 0.520602 0.143123 -0.0905168 -0.0251354 0.00326556 -0.0329766 -0.00522843 0.39978 0.0965612 -0.308904
3.27628 0.169258 0.00652133 0.803184 0.513406 0.120044 -0.102255 -0.0062772 0.030613 -0.0263713 -0.0263594 -0.266945 -0.130254 0.188433
3.44016 0.167106 -0.00129836 0.803925 0.496567 0.13501 -0.105041 -0.0106186 -0.0131332 -0.0477168 0.00452044 0.0654093 0.0365001 0.0130135
3.61228 0.166783 -0.00843016 0.805089 0.479476 0.139565 -0.114772 -0.00904856 -0.00187475 -0.0414343 0.00676035 0.0166487 -0.0197793 0.0154213
3.94698 0.168021 -0.0245143 0.809079 0.447907 0.127381 -0.263482 -0.0257185 0.00369766 -0.0480546 0.0119219 -0.538887 -2.9118 -0.4552
3.98086 0.167528 -0.0294825 0.808961 0.44483 0.148396 -0.111474 -0.00821708 -0.0145551 -0.146681 -0.00349618 -0.0518102 0.753694 -0.0358331
4.12018 0.164494 -0.0352882 0.807778 0.432395 0.151416 -0.144748 -0.00467022 -0.0217738 -0.0416685 -0.0084888 -0.00148741 -0.0508209 0.0769663
4.31228 0.160256 -0.0451677 0.808987 0.415819 0.157973 -0.150003 -0.00241513 -0.0220595 -0.0514309 0.00629589 0.107358 0.0838093 0.0687728
4.54439 0.16092 -0.0525901 0.814154 0.396636 0.160686 -0.167895 -0.00218793 0.00285999 -0.0319775 0.0222591 -0.0473241 -0.170719 -0.0743108
4.80838 0.158377 -0.0729287 0.814851 0.375891 0.162123 -0.169476 0.0109063 -0.00963282 -0.0770446 0.00264223 -0.0976865 0.349229 0.235739
4.91075 0.156367 -0.077156 0.817593 0.368142 0.170859 -0.186797 0.00317588 -0.0196336 -0.0412919 0.0267762 0.098632 -0.00456043 -0.0442821
5.11883 0.156552 -0.0859454 0.821247 0.352879 0.168535 -0.206307 0.00284729 0.000889744 -0.0422408 0.017562 -0.117282 -0.227427 -0.115986
5.41228 0.146714 -0.117926 0.816413 0.332424 0.18 -0.218037 0.00186669 -0.0335268 -0.10898 -0.0164742 0.260706 0.368106 0.0338506
5.51266 0.145975 -0.125156 0.8151 0.325703 0.17372 -0.23779 0.0013058 -0.0073595 -0.0720324 -0.0130766 0.0337719 0.0237474 0.0428993
5.91376 0.148457 -0.150228 0.816757 0.300175 0.179415 -0.254053 -5.7788e-05 0.00618659 -0.0625073 0.0041305 -0.122551 0.219822 -0.0610385
6.1122 0.144859 -0.153975 0.815173 0.288295 0.194225 -0.266405 0.00240632 -0.0181323 -0.018886 -0.00798192 0.238893 -0.047046 0.0508417
6.2129 0.145455 -0.156354 0.814885 0.282448 0.186219 -0.265339 0.00180324 0.00592401 -0.0236235 -0.00286222 -0.0446591 0.0430579 0.0330342
6.44698 0.144395 -0.159525 0.816025 0.269309 0.187217 -0.282019 0.00324837 -0.00452985 -0.0135445 0.00487046 -0.0817214 -0.264897 0.0228442
6.61196 0.141423 -0.168969 0.81745 0.260418 0.19289 -0.287133 0.000163383 -0.0180122 -0.0572471 0.00863929 0.0660575 -0.0758026 -0.0853681
6.71655 0.140262 -0.175786 0.81742 0.254935 0.190765 -0.284061 0.00204272 -0.0111034 -0.0651752 -0.000289185 -0.0119616 0.162704 -0.026223
7.01249 0.135928 -0.180824 0.815038 0.240035 0.192287 -0.297357 0.00262619 -0.0146434 -0.0170241 -0.00804972 0.0073428 -0.103076 0.0527662
7.21244 0.133294 -0.188349 0.815538 0.230465 0.197199 -0.301532 0.00344221 -0.0131752 -0.0376336 0.00250068 0.0959781 0.0192636 0.0376984
7.4151 0.134566 -0.195184 0.817593 0.221154 0.202135 -0.308299 0.00691233 0.0062757 -0.0337297 0.0101406 0.0653443 0.0204613 0.0526953
7.61311 0.13837 -0.201061 0.821667 0.21242 0.200469 -0.31165 -0.000440451 0.0192146 -0.0296781 0.0205749 -0.149701 0.0751716 -0.22148
7.76844 0.137743 -0.203857 0.819519 0.205811 0.204161 -0.314412 0.00199091 -0.00403941 -0.0180012 -0.013829 -0.060231 0.0581118 -0.0531464
7.91615 0.135832 -0.205248 0.816317 0.199717 0.205105 -0.318516 0.00315968 -0.0129358 -0.00941787 -0.0216789 -0.0274494 -0.0139447 0.0581688
8.21776 0.129434 -0.209357 0.815069 0.187828 0.204796 -0.32145 0.000788126 -0.0212149 -0.0136238 -0.00413451 0.0300497 0.0297524 -0.00283828
8.68128 0.126056 -0.20928 0.812543 0.170921 0.210741 -0.319456 -0.00774661 -0.0072862 0.000167075 -0.00545011 0.0756741 0.0582654 -0.13511
8.78444 0.12611 -0.208643 0.810543 0.167371 0.201415 -0.332366 0.0120406 0.000520191 0.00617762 -0.0193878 -0.174893 -0.250105 0.373345
8.84828 0.12543 -0.209268 0.810827 0.165211 0.203533 -0.319712 -0.00276503 -0.0106455 -0.0097898 0.00444764 -0.107974 0.0765588 -0.00741071
8.94818 0.123289 -0.209482 0.811198 0.161886 0.199228 -0.318057 -0.00480802 -0.0214325 -0.00214127 0.00370728 -0.160599 0.105378 -0.0596849
9.12134 0.114763 -0.206693 0.81005 0.156281 0.175875 -0.309426 -0.00600425 -0.0492405 0.0161051 -0.00662728 -0.477241 0.202841 -0.0410421
9.21625 0.105791 -0.203337 0.809051 0.153292 0.203743 -0.31766 -0.00824131 -0.0945359 0.0353569 -0.0105226 0.40272 -0.0888888 -0.0610793
9.31649 0.100361 -0.200686 0.807383 0.150197 -0.0154585 -0.287339 0.0238717 -0.0541664 0.0264465 -0.0166453 -4.42437 0.542503 0.696989
9.34862 0.0940514 -0.199276 0.807568 0.149218 0.175936 -0.311867 -0.00494718 -0.196343 0.0438798 0.00575233 0.216905 -0.0642385 0.0118082
9.98034 0.0565773 -0.197192 0.815914 0.131218 0.148357 -0.312468 0.00342745 -0.0593214 0.00329952 0.0132117 0.0233334 -0.0290723 -0.00455936
10.248 0.0423698 -0.198392 0.819124 0.124261 0.140044 -0.313559 0.00585584 -0.0530754 -0.0044827 0.0119912 0.0865723 -0.00577964 -0.0202867
10.5304 0.0342857 -0.200118 0.820892 0.117324 0.129675 -0.314309 0.00780783 -0.0286337 -0.00611445 0.00626375 -0.0667088 0.0245395 -0.00578376
10.808 0.0211927 -0.199924 0.822185 0.110879 0.126841 -0.315848 0.0108233 -0.0471557 0.000699062 0.00465786 0.145916 -0.0221118 0.0346293
10.9516 0.0174302 -0.200279 0.823568 0.107686 0.116723 -0.314914 0.0113767 -0.0262046 -0.00247582 0.00963005 -0.0609819 0.0151868 0.00608138
11.4894 -0.0143024 -0.197218 0.830506 0.0965227 0.0972163 -0.300089 -0.012004 -0.059002 0.00569196 0.0129007 0.186244 0.267816 -0.671639
11.5177 -0.015823 -0.196843 0.830333 0.0959685 0.0910433 -0.307815 0.0171652 -0.0537312 0.0132714 -0.00610718 0.0686865 0.0742823 0.0141245
11.6009 -0.0198169 -0.195225 0.829923 0.0943578 0.0953566 -0.307027 0.0157692 -0.0480181 0.0194499 -0.00493236 0.228281 0.0450164 -0.0101778
11.6524 -0.0216848 -0.194103 0.829642 0.0933739 0.0905099 -0.318786 0.0251416 -0.0362582 0.0217689 -0.00545667 0.131497 -0.243358 0.204015
11.752 -0.0239919 -0.19435 0.831123 0.0914999 0.0640666 -0.288625 0.0211517 -0.023157 -0.0024771 0.0148696 -0.44237 0.477866 0.0427304
11.816 -0.0272855 -0.192552 0.83225 0.0903161 0.0800121 -0.307312 0.0181836 -0.051466 0.0281034 0.0176041 0.0293331 -0.0342333 -0.0532867
12.3164 -0.0456941 -0.187061 0.827716 0.0815722 0.0607551 -0.302376 0.0167953 -0.0367877 0.010973 -0.00906066 -0.0871106 -0.00568628 0.0678067
12.5531 -0.0592822 -0.184782 0.82937 0.0777363 0.0540657 -0.302322 0.01872 -0.0574068 0.00962708 0.00698918 0.075919 -0.0491319 0.0415835
12.884 -0.069965 -0.186975 0.836235 0.0726751 0.0458199 -0.312951 0.0405353 -0.0322889 -0.00662821 0.0207471 0.0403651 -0.199385 0.344084
13.0199 -0.0736073 -0.191557 0.845407 0.070693 0.0434144 -0.307677 0.031067 -0.0268039 -0.033722 0.0675036 0.041278 0.0735049 -0.16041
13.3522 -0.0779561 -0.194646 0.850123 0.06607 -0.0159575 -0.290013 0.0272735 -0.0130847 -0.00929189 0.0141896 -1.23781 0.48739 -0.243644
13.4239 -0.0852524 -0.192808 0.849889 0.0651134 0.0439154 -0.315677 0.0410392 -0.101801 0.0256403 -0.0032728 0.413999 -0.188507 0.100062
13.5635 -0.0913953 -0.192903 0.851383 0.0632894 0.025972 -0.308279 0.0370685 -0.0439949 -0.000680652 0.0106986 0.0247217 0.0305 -0.0485084
13.8241 -0.101181 -0.191009 0.850877 0.0600207 0.00815581 -0.305817 0.0390779 -0.0375525 0.00726748 -0.00194239 -0.191104 0.0299516 0.03164
14.1209 -0.129154 -0.186215 0.853086 0.0565035 -0.117788 -0.327914 0.077515 -0.0942632 0.0161557 0.00744687 -2.27121 -0.578951 0.813035
14.1555 -0.135149 -0.18635 0.854321 0.0561065 -0.00716395 -0.300147 0.0393117 -0.172974 -0.00390841 0.0356234 0.457749 0.0774784 -0.11402
14.3959 -0.15028 -0.182814 0.856296 0.0534284 -0.0275352 -0.297057 0.04106 -0.0629531 0.0147137 0.00821839 0.103518 0.0329405 -0.0652166
14.6912 -0.159843 -0.175597 0.853037 0.0503127 -0.0370677 -0.292715 0.0385419 -0.0323872 0.0244401 -0.0110382 0.0193139 -0.0473029 -0.01118
14.8975 -0.165702 -0.172569 0.850284 0.0482442 -0.0397604 -0.290433 0.0392824 -0.0284026 0.0146812 -0.0133447 0.0651581 -0.0428698 0.0703049
15.1882 -0.168453 -0.171923 0.852346 0.0454732 -0.0437793 -0.285848 0.0374484 -0.00946159 0.00221923 0.00709246 -0.0220673 0.0709963 -0.0565002
15.2953 -0.16972 -0.17087 0.852457 0.0444921 -0.065003 -0.231035 0.0343688 -0.0118268 0.00982874 0.00103666 -0.466001 1.24449 -0.11515
15.3256 -0.170505 -0.169433 0.852383 0.044219 -0.0422085 -0.289193 0.0395772 -0.0259285 0.0474882 -0.00244788 0.080667 -0.146403 0.00841016
15.6566 -0.17025 -0.169753 0.852494 0.0413389 -0.0456161 -0.280872 0.0388433 0.000770694 -0.00096821 0.000335712 -0.0756426 0.142574 -0.0161215
15.771 -0.171153 -0.167996 0.852321 0.040387 -0.0415373 -0.285392 0.0362651 -0.00788865 0.0153533 -0.00150982 0.0440596 -0.0276146 -0.0657368
16.0202 -0.170383 -0.165885 0.847864 0.0383905 -0.0428905 -0.274442 0.0370374 0.00308876 0.00847315 -0.0178881 -0.0402164 0.182844 0.0819069
16.3568 -0.1739 -0.142315 0.851123 0.0358489 -0.0348444 -0.16667 -0.00188034 -0.0104485 0.0700203 0.00968261 0.222039 1.92357 -0.904737
16.4205 -0.173666 -0.130064 0.848074 0.0353876 0.0356169 -0.174742 -0.00202955 0.00368495 0.192461 -0.0479065 1.74205 1.23298 -0.726917
16.4561 -0.171323 -0.121642 0.845444 0.0351319 -0.0490221 -0.262937 0.045732 0.0657525 0.236391 -0.0738058 -0.304354 -0.988254 0.437554
16.6563 -0.17036 -0.113932 0.84821 0.0337292 -0.0386134 -0.223605 0.0332335 0.00480833 0.0385021 0.0138105 0.0137535 0.102567 -0.0729961
16.9614 -0.167614 -0.0926413 0.84563 0.031699 -0.0360169 -0.205001 0.0293341 0.00900405 0.0697918 -0.00845803 -0.0138078 -0.0170198 -0.0583906
17.3242 -0.166164 -0.0695623 0.834877 0.0294432 -0.0380448 -0.165584 0.0240741 0.00399486 0.0636174 -0.0296409 -0.0984536 0.357926 0.104549
17.4881 -0.168156 -0.0495102 0.832827 0.0284771 -0.0368906 -0.180266 0.0264297 -0.0121472 0.122302 -0.0124995 -0.00464317 -0.52468 0.167875
17.6562 -0.170329 -0.0437768 0.835469 0.0275195 -0.0324571 -0.151545 0.0201651 -0.0129276 0.0341102 0.0157179 0.135338 0.158236 -0.084785
17.761 -0.170197 -0.0384643 0.836185 0.0269389 -0.0363477 -0.159059 0.0234058 0.00125546 0.050693 0.00683265 0.0138848 -0.157454 -0.0115199
17.9348 -0.16956 -0.0344099 0.837025 0.0260029 -0.0328954 -0.140191 0.0214002 0.00366845 0.0233295 0.00483063 0.0639507 0.22464 -0.0705399
18.1923 -0.164376 -0.0135131 0.833593 0.0246756 -0.0327296 -0.136028 0.0203603 0.0201332 0.0811654 -0.0133306 -0.0898712 -0.258294 0.0180336
18.3566 -0.163495 -0.00715023 0.831889 0.0238641 -0.0289139 -0.125782 0.0196795 0.00536377 0.0387174 -0.0103669 -0.00223397 -0.0879825 0.0346749
18.5961 -0.162338 -0.00292415 0.831395 0.0227289 -0.0262159 -0.114892 0.0179587 0.0048287 0.0176444 -0.00206178 0.0239622 0.101793 -0.00898726
18.8694 -0.159229 0.00949913 0.830161 0.0214995 -0.0235878 -0.106998 0.0110151 0.0113769 0.0454614 -0.00451774 -0.00926001 -0.0522625 -0.130421
18.9243 -0.158632 0.0118393 0.829519 0.0212604 -0.0227389 -0.0955058 0.0162903 0.0108681 0.0425898 -0.0116838 -0.00457066 0.155802 0.0144407
19.1598 -0.156326 0.0305093 0.827568 0.0202657 -0.0217848 -0.0952506 0.0144494 0.00979172 0.0792803 -0.00828312 -0.0401257 -0.322762 0.0100193
19.3606 -0.155978 0.0334149 0.826309 0.0194543 -0.020945 -0.0571625 0.0132299 0.00173452 0.01447 -0.00627126 -0.0197171 0.583262 0.00682071
19.4241 -0.155947 0.0366798 0.825938 0.0192048 -0.0118792 -0.0282826 0.0079876 0.000483761 0.0514692 -0.00583859 0.180412 1.07627 -0.101704
19.4603 -0.155692 0.0399636 0.825593 0.0190635 -0.0184116 -0.0779163 0.0108575 0.00702893 0.0905153 -0.0095283 0.0164091 -0.169914 -0.0233855
19.7603 -0.152107 0.0518261 0.82063 0.0179346 -0.0155695 -0.0625846 0.00921146 0.0119515 0.0395428 -0.0165437 -0.0186075 0.00835931 0.0636177
20.0248 -0.150248 0.0628678 0.820704 0.016995 -0.0135033 -0.0536252 0.00778897 0.0070307 0.0417534 0.000280089 -0.0116934 -0.0412693 -0.00281035
20.3602 -0.149205 0.0722296 0.820482 0.0158737 -0.00969995 -0.0413371 0.0058405 0.0031086 0.0279113 -0.00066253 0.0482422 0.0516269 -0.0392276
20.6602 -0.143932 0.0852473 0.816753 0.0149338 -0.00785165 -0.0341758 0.00457962 0.0175796 0.0433975 -0.0124294 -0.063408 -0.107619 0.0384236
20.9286 -0.143781 0.0891422 0.816185 0.01414 -0.00589798 -0.0274561 0.00241302 0.000559545 0.0145105 -0.00211575 0.0038346 0.012505 -0.017378
21.0281 -0.143688 0.0907102 0.815803 0.0138565 -0.00572618 -0.0146598 0.00130429 0.000941192 0.015755 -0.00384533 0.00257948 0.258343 -0.0300361
21.1288 -0.143567 0.0949135 0.815111 0.0135755 -0.00148811 -0.0253846 0.000544493 0.00120083 0.0417588 -0.00686864 0.0908232 -0.122635 -0.0256087
21.2602 -0.141839 0.0982839 0.813765 0.0132172 -0.00370911 -0.0175041 0.00126731 0.0131416 0.0256357 -0.0102355 -0.0228305 0.00915631 0.0267001
21.6928 -0.140426 0.111085 0.814333 0.0121036 -0.00194609 -0.00767659 0.000912376 0.00326677 0.0295961 0.001313 -0.00433119 -0.063482 -0.0166496
22.0602 -0.139811 0.113389 0.812568 0.0112316 -0.00181564 0.00388427 0.000985374 0.00167532 0.0062703 -0.0048047 -0.0187548 0.187823 0.0359478
22.1282 -0.139783 0.114685 0.812407 0.0110772 -0.00162722 -0.00253772 -0.00027304 0.000399412 0.0190481 -0.00235913 -0.013884 -0.0078197 0.0068387
22.4976 -0.141531 0.120654 0.812469 0.0102751 -0.00426001 -0.00627324 0.000281495 -0.00472935 0.0161595 0.000167099 -0.0296202 -0.21589 0.0126338
