t x y z s fx fy fz dx dy dz ddx ddy ddz
0 0.194726 0.082756 0.723717 1 -2.9719e-05 -0.000703278 0.00153559 0 0 0 -0.00124425 -0.0294442 0.0642908
0.543792 0.194358 0.074049 0.742728 0.810834 0.0472821 -0.00892963 0.030064 -0.000676613 -0.0160115 0.0349608 0.0215212 0.0420603 -0.0723903
0.899791 0.196845 0.0736795 0.746 0.706827 0.0761182 -0.00811631 0.0357248 0.0069849 -0.00103813 0.00918995 0.00957796 0.0307986 -0.0980988
1.03282 0.197943 0.0740864 0.745487 0.671483 0.0836262 -0.00926512 0.0397092 0.00825906 0.00305901 -0.00386013 -0.0960549 -0.0512811 0.0635577
1.21343 0.196302 0.0729662 0.746863 0.626309 0.0950794 -0.00953391 0.0422674 -0.00908912 -0.00620272 0.00761884 0.0452795 0.0170018 -0.0264602
1.49992 0.197414 0.0725846 0.746873 0.560802 0.112576 -0.00998908 0.0456622 0.00388326 -0.00133178 3.80944e-05 -0.00161564 -0.00729015 0.0036235
1.74549 0.198271 0.071818 0.747101 0.510136 0.126389 -0.0121306 0.0492711 0.00348652 -0.00312196 0.000927886 0.0130848 -0.0604476 0.0335849
1.9315 0.199372 0.0691458 0.748436 0.474827 0.116377 -0.0136561 0.0518551 0.00592043 -0.0143658 0.00717502 -0.830156 0.0280677 -0.012953
1.97732 0.1979 0.0685464 0.748738 0.46651 0.135075 -0.0142515 0.0528349 -0.032123 -0.0130796 0.00658142 0.0699271 0.023041 -0.000108448
2.40096 0.196841 0.0671405 0.751506 0.3962 0.151023 -0.0233701 0.0601327 -0.00249934 -0.00331857 0.00653548 -0.0634357 -0.339609 0.0394514
2.6032 0.193741 0.0525787 0.754442 0.366476 0.15621 -0.0400488 0.06416 -0.0153287 -0.0720019 0.0145142 0.0210801 -0.172387 -0.00822916
2.80294 0.19152 0.0313191 0.757012 0.339309 0.164515 -0.0677383 0.0678767 -0.0111181 -0.106435 0.0128705 0.16219 -0.313874 -0.0121483
2.96886 0.19414 0.00501985 0.758813 0.31828 0.169447 -0.0907538 0.070619 0.0157915 -0.158511 0.0108549 -0.061424 0.017663 -0.0101234
3.40736 0.189254 -0.0610914 0.761627 0.268766 0.178269 -0.14392 0.0755181 -0.0111431 -0.150766 0.00641577 0.0961681 0.528387 -0.0119801
3.53865 0.189449 -0.0717777 0.762263 0.255498 0.178269 -0.158209 0.0764018 0.00148309 -0.0813924 0.00484286 -0.0978982 0.117177 -0.0240636
3.67192 0.187908 -0.0805436 0.762481 0.242699 0.18187 -0.165455 0.0786069 -0.0115636 -0.0657764 0.00163595 0.0325516 0.121759 0.0437907
3.90359 0.186976 -0.0892471 0.76521 0.221958 0.186397 -0.173469 0.0812378 -0.0040223 -0.0375682 0.0117811 0.0162248 0.0440534 -0.0426421
4.09252 0.186795 -0.0947724 0.765914 0.206363 0.19053 -0.18131 0.0848296 -0.00095697 -0.0292453 0.00372472 0.0224582 -0.0848039 0.0751174
4.19052 0.186917 -0.0984528 0.767 0.19871 0.191623 -0.182594 0.0846496 0.00124389 -0.0375559 0.0110861 -0.0250916 0.0463095 -0.0218212
4.56826 0.183806 -0.106031 0.768074 0.171775 0.196058 -0.187975 0.086521 -0.0082341 -0.0200631 0.00284345 0.0449459 0.0716092 -0.0151262
4.77196 0.183994 -0.107147 0.768026 0.158799 0.200345 -0.190068 0.0853602 0.000921424 -0.00547624 -0.000237769 0.0467428 -0.0245568 -0.0778877
4.83711 0.184253 -0.107608 0.76768 0.154859 0.200283 -0.189254 0.0874238 0.003967 -0.00707627 -0.00531263 -0.0192233 0.0346748 0.0335865
5.0721 0.184123 -0.107356 0.768286 0.141443 0.203424 -0.189362 0.0883615 -0.000550235 0.00107189 0.00257979 -0.00551645 -0.0115259 -0.0107604
5.28528 0.183755 -0.107651 0.768347 0.130281 0.203796 -0.18984 0.0890912 -0.00172621 -0.00138517 0.000285934 -0.0867275 -0.0104929 0.00197676
5.47216 0.180404 -0.108277 0.768469 0.121223 0.200866 -0.189423 0.0876795 -0.0179338 -0.00334606 0.000655349 -0.103041 0.0400761 -0.0829906
5.68704 0.171792 -0.107145 0.764778 0.111583 0.184028 -0.190717 0.081821 -0.0400758 0.00526573 -0.0171782 -0.465214 -0.0941386 -0.127542
5.93744 0.132588 -0.111729 0.752479 0.101313 0.155182 -0.19444 0.0711059 -0.156565 -0.0183066 -0.0491147 0.297396 0.0296818 0.0363898
6.10576 0.114661 -0.113969 0.745244 0.094946 0.134851 -0.195173 0.0638332 -0.106509 -0.0133107 -0.0429897 -0.0572187 0.0738236 -0.00169356
6.47306 0.067821 -0.108899 0.729225 0.0824073 0.0982842 -0.191299 0.051336 -0.127525 0.0138048 -0.0436118 0.320618 -0.0783822 0.121275
6.64109 0.0554452 -0.108792 0.725321 0.077237 0.068148 -0.189857 0.044841 -0.0736505 0.000633886 -0.0232335 -0.678713 0.0265973 -0.0745628
6.80653 0.0246851 -0.10796 0.719437 0.0724636 0.0522589 -0.190129 0.0423592 -0.185934 0.00503403 -0.0355688 0.314505 -0.036342 0.103886
7.15708 -0.00184592 -0.110661 0.719734 0.0633014 0.0396327 -0.188514 0.0352071 -0.0756832 -0.00770579 0.000848816 0.388095 0.191676 -0.363958
7.23715 -0.00541763 -0.110049 0.717469 0.0613769 0.0250389 -0.191187 0.0398178 -0.0446112 0.00764038 -0.0282908 -0.209828 -0.00343008 0.0289142
7.54264 -0.0386278 -0.108035 0.711525 0.0545564 -0.00499111 -0.190602 0.0369234 -0.108711 0.00659253 -0.0194578 0.0921071 -0.0596183 0.108946
7.7129 -0.0544672 -0.108641 0.71137 0.0510895 -0.0145172 -0.18944 0.0352784 -0.0930289 -0.00355832 -0.000908199 0.261489 0.052247 -0.0303219
7.84558 -0.0622072 -0.108193 0.710716 0.0485413 -0.0219183 -0.188354 0.0347952 -0.0583335 0.00337402 -0.00493143 0.119134 0.0529032 -0.0135371
8.20566 -0.0677654 -0.100119 0.707185 0.0422483 -0.0249462 -0.183045 0.0329903 -0.0154361 0.0224233 -0.00980583 -0.00130587 -0.134481 0.063533
8.44155 -0.0714793 -0.102313 0.708407 0.0385749 -0.0275232 -0.182902 0.0327334 -0.0157441 -0.00929996 0.00518123 0.00907701 0.0819709 -0.0623684
8.60632 -0.073827 -0.10162 0.707568 0.0362002 -0.029547 -0.183543 0.0328342 -0.0142485 0.00420622 -0.00509508 -0.00776449 -0.0245686 0.0104105
8.87528 -0.0782209 -0.102266 0.706951 0.0326339 -0.0340413 -0.186122 0.0348532 -0.0163368 -0.00240168 -0.00229509 -0.0414039 -0.0809155 0.102676
9.0066 -0.0810801 -0.103977 0.70842 0.0310226 -0.0334706 -0.185721 0.0340317 -0.0217738 -0.0130271 0.0111879 0.105727 0.0472237 -0.0471602
9.24272 -0.0803268 -0.10442 0.708432 0.0283227 -0.0321485 -0.185428 0.0342353 0.00319064 -0.00187654 5.2297e-05 0.007851 0.0361392 -0.0032202
9.44681 -0.0793486 -0.103297 0.708309 0.0261792 -0.0308549 -0.181128 0.0327241 0.00479296 0.00549915 -0.000604917 -0.00733365 0.141458 -0.0634423
9.54747 -0.0789404 -0.101311 0.707605 0.0251825 -0.0295458 -0.175145 0.0318979 0.00405476 0.0197381 -0.00699095 0.0227387 0.255406 -0.0467837
10.1105 -0.0694499 -0.00923951 0.68884 0.0202681 -0.0184152 -0.0793617 0.0125877 0.0168569 0.163534 -0.0333306 -0.00787324 -0.127862 0.01854
10.6109 -0.0629856 0.0405782 0.676802 0.016711 -0.0151974 -0.0524403 0.00504983 0.0129166 0.0995447 -0.0240521 -0.166192 -0.847003 0.164561
10.7103 -0.0633424 0.0421088 0.676037 0.016083 -0.0104266 -0.0263033 0.00139255 -0.00359194 0.0154084 -0.0077056 0.103747 0.498235 -0.0190671
10.8429 -0.0619927 0.052924 0.674679 0.0152808 -0.00987054 -0.0230762 0.000659405 0.010173 0.0815137 -0.0102354 0.0105913 -0.0670396 0.0148539
11.3126 -0.0548796 0.0764191 0.673148 0.0127498 -0.0077575 -0.00907162 -0.001472 0.0151468 0.0500312 -0.00325987 -0.243811 -0.346603 -0.0418187
11.3783 -0.0549376 0.0782102 0.672753 0.0124306 0.0165152 0.0195734 -0.00211274 -0.000882069 0.0272444 -0.00600916 0.831534 0.863009 -0.0424912
11.413 -0.0539696 0.0801907 0.672494 0.0122656 -0.00355824 -0.00167764 -0.000311497 0.027933 0.0571502 -0.00748161 -0.159036 -0.221623 0.0489375
11.5425 -0.0530195 0.083875 0.672346 0.0116681 -0.00111908 0.00255501 -0.000945089 0.00733712 0.0284489 -0.00114395 -0.0258125 -0.0912131 0.00360393
11.915 -0.053869 0.0818127 0.67242 0.0101066 -0.0283525 3.60072e-05 0.00725695 -0.00228006 -0.00553507 0.000198793 -1.11073 0.0168532 0.335534
