t x y z s fx fy fz dx dy dz ddx ddy ddz
0 0.313147 0.190083 0.849616 1 -0.00236871 -0.00260634 6.83776e-05 0 0 0 -0.126317 -0.138989 0.0036464
0.201089 0.308039 0.184463 0.849764 0.905953 0.0345867 0.0361192 0.00175221 -0.025401 -0.0279492 0.000733251 -0.0308184 0.0338306 -0.108619
0.46819 0.299056 0.179411 0.842211 0.794567 0.0815146 0.0833203 0.000648849 -0.0336327 -0.0189131 -0.0282791 0.302966 0.0231753 0.147865
0.568066 0.298719 0.177754 0.840861 0.75653 0.0953329 0.106748 0.000525209 -0.00337357 -0.0165984 -0.0135109 -0.00411494 0.409401 0.0656632
0.668031 0.29834 0.180185 0.840167 0.720282 0.11235 0.120475 0.00126527 -0.00378492 0.0243273 -0.00694689 0.0510491 -0.0797332 0.0373527
0.871394 0.299682 0.181835 0.840299 0.651813 0.145676 0.15342 0.0044964 0.00659658 0.00811253 0.000649274 0.0554613 -0.0263913 0.0275528
1.0012 0.301473 0.182444 0.840847 0.611554 0.153765 0.173191 0.0062801 0.0137957 0.00468684 0.00422574 -0.61421 0.0164389 -0.00527148
1.06779 0.299667 0.182829 0.841105 0.591874 0.169838 0.182193 0.00721886 -0.0271088 0.00578161 0.00387467 0.059535 -0.0158702 -0.00720202
1.53682 0.300049 0.182049 0.841338 0.47009 0.226433 0.236384 0.0117505 0.000814881 -0.00166196 0.000496714 -0.0139078 -0.0600875 -0.00879828
2.03993 0.296939 0.166004 0.839361 0.367166 0.26282 0.262707 0.00800385 -0.00618229 -0.0318927 -0.0039298 -0.357162 -0.201356 -0.290747
2.1696 0.290132 0.158483 0.833963 0.344511 0.267442 0.260453 0.00814579 -0.0524948 -0.0580021 -0.0416304 -0.0733231 -0.356064 0.138576
2.28814 0.282879 0.146604 0.830975 0.325025 0.268759 0.255422 0.00568819 -0.0611866 -0.10021 -0.0252035 -0.0449359 -0.27135 0.0489784
2.47851 0.269603 0.117694 0.827952 0.296013 0.263443 0.259698 0.0145471 -0.0697407 -0.151865 -0.0158799 -0.279513 1.02736 0.579308
2.5358 0.264689 0.112365 0.828944 0.287798 0.265268 0.243026 0.00600902 -0.0857565 -0.0929986 0.0173138 -0.041944 -0.0614361 -0.103894
2.93828 0.22338 0.0649838 0.819083 0.236176 0.24517 0.225711 -0.00548537 -0.102638 -0.117725 -0.024501 -0.0755881 0.383516 -0.0962211
3.00444 0.216258 0.0588737 0.817041 0.228625 0.245943 0.216111 -0.000162657 -0.107639 -0.0923511 -0.0308672 0.187073 -0.110342 0.311585
3.06799 0.210173 0.0525593 0.816338 0.221599 0.249463 0.217756 -0.00236346 -0.0957509 -0.0993631 -0.0110665 0.473075 0.173881 0.123035
3.10548 0.207249 0.0490791 0.816096 0.217557 0.241477 0.215074 -0.00467942 -0.0780181 -0.0928454 -0.0064547 0.0210725 0.0853599 -0.0177612
3.34002 0.19011 0.0319986 0.813605 0.193884 0.236012 0.210428 -0.00731002 -0.0730757 -0.0728248 -0.0106205 0.0489688 0.0677061 -0.0533399
3.53657 0.177638 0.0203004 0.809457 0.176042 0.22666 0.20202 -0.0109276 -0.0634508 -0.059517 -0.0211045 -0.261039 -0.261507 -0.0112215
3.74701 0.152725 -0.00380588 0.804519 0.158754 0.210881 0.186063 -0.0138734 -0.118385 -0.11455 -0.023466 0.0710579 0.00814735 0.0712459
4.07912 0.121246 -0.0409499 0.804583 0.13486 0.191249 0.162044 -0.0134431 -0.0947861 -0.111844 0.000195151 0.0138585 0.104354 -0.0705718
4.47337 0.086031 -0.0688241 0.793691 0.111119 0.156103 0.133304 -0.0214887 -0.0893224 -0.0707028 -0.0276274 -0.581262 -0.725049 0.165786
4.5722 0.0715253 -0.0828941 0.79258 0.105854 0.161903 0.129098 -0.0192835 -0.14677 -0.142362 -0.0112424 0.648579 0.0125678 0.253802
4.63959 0.0645797 -0.0924312 0.792975 0.102407 0.154967 0.13227 -0.0265887 -0.103061 -0.141515 0.00586215 0.357472 0.601077 -0.245403
4.80446 0.0573049 -0.0994245 0.787272 0.0944416 0.141944 0.116015 -0.025992 -0.044126 -0.042418 -0.0345962 -0.422355 -0.562465 0.267405
4.98172 0.0362109 -0.124618 0.789542 0.0865666 0.128869 0.100549 -0.0232622 -0.118996 -0.142124 0.0128059 0.172448 0.237171 0.0498589
5.24218 0.0169163 -0.145547 0.796259 0.0761716 0.10812 0.0784106 -0.0201679 -0.0740808 -0.0803522 0.0257918 -0.370123 -0.37902 -0.226383
5.30438 0.0108758 -0.152012 0.796988 0.0738795 0.109584 0.0798744 -0.0181065 -0.0971046 -0.103929 0.0117094 0.0845696 0.0995886 -0.0927736
5.57253 -0.00908179 -0.172719 0.793457 0.0647628 0.0852416 0.0528778 -0.0149627 -0.0744274 -0.077225 -0.0131676 -0.477336 -0.588571 0.363339
5.74001 -0.0349357 -0.202162 0.801443 0.0596486 0.071848 0.0429857 -0.0172147 -0.154371 -0.175798 0.047684 0.445077 0.797723 -0.483245
5.90919 -0.0483133 -0.209071 0.795679 0.0548926 0.0639641 0.0382045 -0.0226999 -0.0790743 -0.0408419 -0.0340699 0.264156 0.149917 -0.0880834
6.00502 -0.0534653 -0.211609 0.791605 0.0523686 0.0546718 0.0315306 -0.0203807 -0.0537589 -0.0264746 -0.0425114 -0.138274 -0.201618 0.287997
6.20824 -0.0700997 -0.225314 0.794859 0.0473941 0.0415778 0.0210729 -0.017504 -0.0818578 -0.0674457 0.016013 0.0645547 0.04402 -0.0213594
6.74378 -0.0954234 -0.248809 0.797309 0.0364324 0.0181597 0.00240764 -0.0145773 -0.0472861 -0.0438712 0.0045742 -0.263165 -0.0819037 0.0364121
6.8411 -0.102519 -0.253855 0.798099 0.0347318 0.0149321 0.00122628 -0.0155626 -0.0728995 -0.0518428 0.00811812 0.0242231 0.120148 -0.0786162
7.07215 -0.118068 -0.259419 0.795778 0.0310058 0.00395966 -0.00378027 -0.014986 -0.0673029 -0.0240834 -0.0100457 0.151749 -0.0746379 0.154985
7.24055 -0.125099 -0.265592 0.798482 0.0285444 -0.00038491 -0.00766077 -0.010551 -0.0417474 -0.0366529 0.0160547 0.11371 0.0466852 0.117825
7.40859 -0.128903 -0.270433 0.804506 0.0262831 -0.00336589 -0.0107828 -0.00585937 -0.0226399 -0.0288081 0.0358536 0.0119291 0.0450137 -0.0522828
8.04014 -0.138444 -0.270672 0.806296 0.0192735 -0.0092226 -0.00733669 -0.00473382 -0.0151062 -0.000379851 0.00283451 0.00333021 -0.0673296 0.0555566
8.20952 -0.140907 -0.272669 0.80837 0.017735 -0.00954401 -0.0076766 -0.00342902 -0.0145421 -0.0117844 0.0122449 0.0777388 0.0373438 -0.0334714
8.40862 -0.14072 -0.273534 0.809482 0.0160827 -0.0083657 -0.00752094 -0.0025548 0.000936 -0.00434905 0.00558057 0.0169517 0.0155049 -0.0176675
8.63989 -0.139597 -0.273711 0.809827 0.0143559 -0.00705467 -0.00721589 -0.00171044 0.0048563 -0.000763337 0.00149474 -0.0333833 -0.0186138 0.0249126
8.7762 -0.139556 -0.274161 0.810494 0.0134262 -0.00600705 -0.00679832 -0.000942996 0.000305687 -0.00330065 0.00489067 0.0195385 0.0167627 0.0122038
8.94904 -0.138919 -0.274231 0.811704 0.0123334 -0.00553769 -0.00614738 -0.000220097 0.00368271 -0.000403397 0.00699997 -0.0318443 0.0143562 -0.026042
9.0765 -0.138967 -0.274049 0.812173 0.011585 -0.00535665 -0.00557742 -2.11823e-05 -0.000376016 0.00142637 0.00368079 -0.0183302 0.00782371 -0.026138
9.2453 -0.139553 -0.273585 0.812049 0.0106632 -0.00460501 -0.00509071 -0.000410277 -0.00347019 0.00274703 -0.000731362 0.0455124 -0.0200399 -0.0211281
