t x y z s fx fy fz dx dy dz ddx ddy ddz
0 0.326345 0.183597 0.874877 1 0.00377107 -0.012759 0.000759391 0 0 0 0.208949 -0.706956 0.0420767
0.0998792 0.328429 0.176544 0.875296 0.950306 0.0262188 0.0128089 0.00411076 0.0208697 -0.0706102 0.00420258 -0.106408 0.141828 -0.0375106
0.369578 0.326318 0.167817 0.873701 0.828112 0.0829229 0.0638155 0.0123707 -0.00782836 -0.0323592 -0.00591399 -0.000828218 0.0442782 0.0147697
1.00338 0.321024 0.165095 0.875886 0.599262 0.17591 0.174954 0.0478039 -0.00835329 -0.0042955 0.00344709 -0.724587 0.187745 0.791975
1.03768 0.319885 0.165168 0.876936 0.588864 0.206046 0.163503 0.0388829 -0.0332045 0.00214359 0.0306095 0.851076 -0.756499 0.0586145
1.0769 0.319892 0.164088 0.878227 0.577194 0.197538 0.182136 0.0377685 0.00017726 -0.0275286 0.0329086 -0.100915 0.175459 -0.137992
1.16937 0.319045 0.163043 0.88009 0.550591 0.210977 0.193109 0.040587 -0.00915375 -0.011305 0.0201493 0.0193804 0.0604308 -0.140239
1.35332 0.318017 0.163008 0.879051 0.501254 0.0926159 0.0643439 0.171592 -0.00558859 -0.000188288 -0.00564864 -7.83012 -8.4266 7.08436
1.36797 0.316256 0.161198 0.880487 0.497522 0.228485 0.209876 0.0507068 -0.120255 -0.123589 0.0980964 0.263355 0.25065 -0.22405
1.80358 0.313845 0.154924 0.880704 0.398352 0.275893 0.25197 0.0525136 -0.00553502 -0.014404 0.000498255 -0.219357 -0.221869 -0.0937023
2.00375 0.303948 0.143151 0.877049 0.359668 0.288796 0.262779 0.0527184 -0.0494443 -0.0588162 -0.0182584 0.218336 0.230832 0.0409254
2.14006 0.301265 0.139422 0.875321 0.335498 0.291347 0.261504 0.0509132 -0.019683 -0.0273515 -0.0126799 -0.29102 -0.425618 -0.0985573
2.30374 0.290246 0.123542 0.870605 0.308612 0.292061 0.256118 0.0470021 -0.067318 -0.0970179 -0.0288121 -0.129962 -0.2069 -0.0936852
2.57541 0.262366 0.0819147 0.855863 0.268659 0.286804 0.240914 0.0342435 -0.102625 -0.153227 -0.0542637 0.221026 0.483647 -0.0354914
2.80504 0.250455 0.0722313 0.841532 0.238951 0.287513 0.242071 0.0244441 -0.0518726 -0.0421712 -0.0624132 -0.132406 -0.248341 0.123771
3.20785 0.208076 0.0149486 0.836474 0.19455 0.273128 0.237205 0.0246847 -0.105208 -0.142206 -0.0125565 0.48556 1.98253 -0.0273582
3.24026 0.205176 0.0124221 0.836038 0.191359 0.272809 0.212549 0.0237883 -0.0894702 -0.0779507 -0.0134432 0.464471 0.353856 -0.0626998
3.30534 0.20132 0.00884769 0.834897 0.185107 0.264462 0.204545 0.0241679 -0.0592406 -0.0549203 -0.017524 -0.102805 -0.170309 0.0139247
3.60501 0.174336 -0.0229034 0.830897 0.158858 0.249557 0.18505 0.0219633 -0.0900477 -0.105956 -0.0133513 0.0112327 0.0704702 -0.0240621
4.04159 0.137164 -0.0557297 0.820482 0.12713 0.223065 0.165402 0.00957824 -0.0851437 -0.0751901 -0.0238562 -0.277025 -0.187311 -0.222382
4.11102 0.129917 -0.0618532 0.817753 0.122704 0.22742 0.169045 0.00884359 -0.104378 -0.0881953 -0.0392964 0.341801 0.301755 -0.0550913
4.24005 0.12214 -0.0682092 0.811765 0.114885 0.192016 0.130411 0.00795681 -0.060275 -0.0492596 -0.0464049 -1.61843 -1.8856 0.227964
4.30868 0.110379 -0.0804725 0.809654 0.11093 0.214688 0.156501 0.00571481 -0.171355 -0.178676 -0.0307588 0.733283 0.776726 0.125569
4.43867 0.100495 -0.090574 0.807778 0.10381 0.200188 0.139595 0.00426554 -0.076037 -0.0777111 -0.0144363 -0.186858 -0.288165 0.0366594
4.71213 0.0657287 -0.133374 0.806571 0.0902885 0.174557 0.110146 0.00373707 -0.127135 -0.156513 -0.00441142 0.207891 0.486062 -0.0356502
4.91168 0.0486372 -0.145251 0.804272 0.0815467 0.159832 0.0981882 0.000168379 -0.0856516 -0.0595211 -0.0115253 -0.102339 -0.229263 -0.109612
5.08261 0.031006 -0.162125 0.799099 0.0747345 0.144405 0.0840898 -0.00172009 -0.103145 -0.0987104 -0.0302619 -0.0772485 -0.0606847 0.134905
5.3718 -0.00528313 -0.195746 0.80163 0.0644802 0.117193 0.0576383 0.00138424 -0.125485 -0.11626 0.00875151 0.259826 0.153532 -0.0723094
5.54506 -0.0192248 -0.21128 0.800975 0.0590238 0.106785 0.0482459 -0.000385099 -0.080468 -0.0896594 -0.00377659 0.0853881 0.218321 -0.0962907
5.77661 -0.0332789 -0.220335 0.794938 0.0524455 0.0859875 0.0348981 -0.00415593 -0.0606966 -0.0391076 -0.0260725 -0.563644 -0.443273 0.110491
5.97755 -0.0682324 -0.246091 0.794161 0.0473341 0.0627051 0.0203431 -0.00911044 -0.173953 -0.128177 -0.0038708 0.506463 0.484146 -0.253715
6.10981 -0.0823803 -0.254575 0.78921 0.0442445 0.0482927 0.0116891 -0.00972317 -0.106965 -0.0641407 -0.037429 0.0764986 0.0759928 0.139199
6.31586 -0.101172 -0.264564 0.787407 0.0398284 0.0352329 0.00556285 -0.0109534 -0.0912026 -0.0484829 -0.00874796 0.19688 0.0961691 0.00910817
6.51057 -0.111466 -0.270358 0.786049 0.036061 0.000472959 -0.0156754 -0.00184365 -0.0528677 -0.0297576 -0.00697449 -1.45033 -0.95157 0.563553
6.57591 -0.121114 -0.276366 0.788 0.0348783 0.0130114 -0.00640687 -0.00781199 -0.147639 -0.091938 0.0298509 0.216739 0.171876 -0.06299
6.91329 -0.146254 -0.28782 0.790901 0.0293616 0.00498759 -0.00603515 -0.00713545 -0.074516 -0.0339504 0.00859927 0.653964 0.394483 -0.105492
6.97621 -0.148353 -0.288395 0.791025 0.0284339 -0.0245248 -0.0207859 -0.00102932 -0.0333718 -0.00913149 0.00196225 -1.09386 -0.53843 0.254762
7.04379 -0.155605 -0.291471 0.792321 0.0274699 -0.012287 -0.0140766 -0.0043651 -0.107301 -0.0455213 0.0191803 0.326417 0.158748 -0.0915164
7.30801 -0.161169 -0.292417 0.791 0.0240048 -0.0124426 -0.0123323 -0.00552171 -0.0210562 -0.00357764 -0.00499968 0.10518 0.0086554 0.0220013
7.44541 -0.162076 -0.292745 0.790728 0.0223793 -0.0131611 -0.0119782 -0.0043256 -0.00660493 -0.00238842 -0.00197679 0.000193674 -0.00224 0.0811087
7.60818 -0.163146 -0.293193 0.792556 0.0205954 -0.0119723 -0.00759849 -0.00646704 -0.0065734 -0.00275303 0.0112253 0.0770825 0.220097 -0.212154
7.67573 -0.163238 -0.292374 0.792346 0.0198975 -0.0123451 -0.0103039 -0.004055 -0.00136609 0.0121156 -0.00310672 0.0169091 -0.0672202 0.00104397
7.87598 -0.162834 -0.292644 0.791765 0.0179646 -0.0105188 -0.0095867 -0.00441714 0.00201991 -0.00134502 -0.00289767 0.0267808 0.00324992 0.00348926
8.17634 -0.159811 -0.292754 0.79121 0.0154116 -0.00637329 -0.00843701 -0.00457541 0.0100639 -0.000368866 -0.00184963 -0.0197291 0.00102488 0.00894448
8.61797 -0.159214 -0.292718 0.792138 0.0123018 -0.00487562 -0.0067876 -0.00303598 0.001351 8.37445e-05 0.00210048 -0.0104935 0.00623354 0.00942527
