t x y z s fx fy fz dx dy dz ddx ddy ddz
0 0.309958 0.190507 0.824358 1 -0.00451199 0.000495511 0.00199826 0 0 0 -0.313001 0.0343741 0.138621
0.176982 0.300154 0.191584 0.8287 0.89308 0.0409467 0.054411 0.00200002 -0.0553956 0.0060836 0.0245335 0.362206 -0.162035 -0.306473
0.297658 0.298743 0.189959 0.827198 0.826808 0.0695021 0.0875035 0.00179866 -0.0116861 -0.0134701 -0.0124505 -0.000966228 -0.00259325 0.0183533
0.665679 0.294312 0.18465 0.825101 0.653559 0.147214 0.171623 0.000648217 -0.0120417 -0.0144245 -0.00569607 0.0248989 0.0105823 0.0553673
0.835238 0.292986 0.182508 0.825727 0.586455 0.177811 0.204552 0.000646904 -0.00781987 -0.0126302 0.00369196 0.0152565 0.0322465 -0.0412451
1.06561 0.291994 0.18131 0.824389 0.506187 0.215265 0.244964 -0.00468735 -0.00430523 -0.00520153 -0.00580968 0.0312875 0.0017939 -0.253321
1.13403 0.291846 0.180963 0.822806 0.484535 0.222722 0.253574 -0.00430268 -0.00216456 -0.0050788 -0.0231417 -0.163612 -0.151947 -0.00759486
1.33438 0.284845 0.173846 0.817864 0.426315 0.242766 0.275603 -0.00862172 -0.0349445 -0.0355217 -0.0246633 0.00900648 -0.0235385 0.0494897
1.50301 0.279208 0.167186 0.815113 0.38277 0.257211 0.28937 -0.0108286 -0.0334257 -0.0394911 -0.0163177 -0.0336299 -0.139349 0.0388452
1.63393 0.274255 0.159628 0.813642 0.352054 0.266588 0.297676 -0.0122243 -0.0378286 -0.0577349 -0.0112321 -0.0183916 -0.0241983 0.0148426
2.00228 0.257826 0.135078 0.811519 0.278227 0.285367 0.312203 -0.0132418 -0.0446031 -0.0666483 -0.00576486 0.0479088 0.101375 0.063315
2.10121 0.253882 0.129476 0.811568 0.261184 0.284864 0.308016 -0.0140458 -0.0398632 -0.0566187 0.000499203 -0.301061 -0.472305 -0.0334458
2.23488 0.243175 0.113469 0.811037 0.239803 0.283835 0.304132 -0.0159715 -0.0801058 -0.119751 -0.00397147 -0.0802264 -0.00428775 -0.10082
2.40271 0.227471 0.0932512 0.807531 0.21542 0.278702 0.296373 -0.0201999 -0.0935698 -0.120471 -0.0208918 -0.0620783 -0.00759825 -0.0440649
2.63599 0.202265 0.0647343 0.800259 0.18559 0.27288 0.29008 -0.025793 -0.108051 -0.122243 -0.0311712 0.395415 0.47816 0.138451
2.72721 0.195699 0.0575622 0.798568 0.175083 0.249043 0.262194 -0.0319586 -0.0719829 -0.0786271 -0.0185422 -1.37064 -1.60525 -0.249486
2.80269 0.182456 0.0424812 0.795747 0.166839 0.264377 0.279948 -0.0298133 -0.175442 -0.199795 -0.0373739 0.983643 1.12957 0.212511
2.91768 0.175289 0.0344432 0.794259 0.15502 0.256632 0.270506 -0.0318032 -0.062326 -0.0698981 -0.0129358 -0.145373 -0.196566 0.0269402
3.43752 0.103605 -0.0550109 0.794815 0.111209 0.206716 0.204103 -0.030416 -0.137896 -0.172081 0.00106873 0.398528 0.469613 0.00110794
3.63831 0.0919841 -0.0706297 0.795074 0.0978195 0.204254 0.196046 -0.0290985 -0.0578754 -0.0777866 0.00129119 0.0988367 -0.0698476 0.0741655
3.78306 0.0856777 -0.0833523 0.796815 0.0891787 0.198312 0.181988 -0.0287512 -0.0435693 -0.0878967 0.0120263 -0.247686 -0.4088 -0.08844
3.87191 0.0798515 -0.0943887 0.797185 0.0842573 0.199524 0.182959 -0.0277688 -0.0655755 -0.124217 0.00416864 0.215883 0.473559 0.0031465
4.00634 0.0749374 -0.102529 0.797803 0.0773221 0.188096 0.167669 -0.0266975 -0.0365531 -0.0605541 0.00459164 -0.643233 -0.665459 0.0325513
4.176 0.0502199 -0.131959 0.799519 0.0693785 0.15621 0.135364 -0.0234903 -0.145686 -0.173458 0.0101144 -0.72356 -0.448548 0.102336
4.2699 0.0301622 -0.1522 0.80137 0.0653388 0.146842 0.123501 -0.0223996 -0.213623 -0.215574 0.0197231 0.307182 0.249443 -0.00977557
4.47866 -0.00104661 -0.186332 0.805062 0.0571799 0.124882 0.09909 -0.0196121 -0.149496 -0.1635 0.0176823 0.283659 0.308913 -0.05919
4.74263 -0.0207436 -0.207966 0.805605 0.0483053 0.110033 0.0829303 -0.0194962 -0.0746179 -0.0819554 0.00205783 -0.135327 -0.134706 0.00879651
5.07482 -0.060465 -0.250056 0.807259 0.0390676 0.0694301 0.0429096 -0.0305627 -0.119573 -0.126704 0.00497998 -0.220099 -0.0438877 -0.891078
5.14193 -0.0694809 -0.258757 0.80358 0.0374278 0.0558717 0.02694 -0.0174125 -0.134344 -0.129649 -0.0548204 -0.497281 -0.58851 0.64755
5.27321 -0.095687 -0.285919 0.807543 0.0344166 0.0569817 0.0298372 -0.0240638 -0.199625 -0.206907 0.0301878 1.70409 1.8684 -0.615997
5.37249 -0.0987101 -0.288045 0.804469 0.0323013 0.0422831 0.0163696 -0.0221156 -0.0304518 -0.0214217 -0.0309652 -0.224809 -0.144877 0.112007
5.73966 -0.140199 -0.315443 0.8082 0.0255467 0.0131061 0.000279203 -0.0179212 -0.112996 -0.074617 0.010161 0.920224 0.727983 -0.110497
5.8078 -0.143626 -0.317147 0.808379 0.0244583 -0.00497414 -0.0459725 0.0482194 -0.0502884 -0.0250094 0.00263128 -0.521029 -2.70905 4.51211
5.88755 -0.15095 -0.336369 0.837283 0.0232433 -0.00523364 -0.0322034 0.026865 -0.0918379 -0.241043 0.36245 0.187023 0.876551 -1.20682
6.11027 -0.162127 -0.346574 0.858145 0.0201603 -0.0114965 -0.0293573 0.0292347 -0.0501841 -0.0458174 0.0936674 0.168484 0.460288 -0.821662
6.4071 -0.162178 -0.319619 0.813554 0.0166775 -0.00811212 0.000429794 -0.0176203 -0.000173176 0.090809 -0.150225 -0.0175499 -0.31552 0.534826
6.70716 -0.16381 -0.320779 0.816632 0.0137679 -0.00837841 -0.00322639 -0.00782195 -0.00543929 -0.00386734 0.0102578 0.0145723 -0.00527539 0.00549773
7.14471 -0.163401 -0.323482 0.822172 0.0104101 -0.00189764 -0.0087117 0.00694568 0.000936807 -0.00617559 0.0126633 0.286169 -0.304122 0.630902
