t x y z s fx fy fz dx dy dz ddx ddy ddz
0 0.291353 0.198916 0.749901 1 0.000532003 0.00118571 0.00345863 0 0 0 0.0340687 0.0759311 0.221486
0.264033 0.293728 0.204209 0.765342 0.855789 0.0572788 0.0738403 0.00728851 0.00899525 0.0200483 0.0584795 -0.269379 -0.202015 -0.405625
0.463569 0.284798 0.200166 0.760861 0.760773 0.0885209 0.116307 -0.00142297 -0.0447556 -0.0202609 -0.0224571 0.150963 0.0576075 0.0844495
0.716937 0.283149 0.198731 0.760592 0.65517 0.129043 0.16217 0.00110131 -0.0065064 -0.00566498 -0.00106035 -0.101819 -0.275396 0.471285
0.732087 0.283027 0.198582 0.760684 0.649341 0.132935 0.168767 -0.00638489 -0.00804897 -0.00983725 0.00607965 0.0131921 -0.000451352 -0.0366721
1.06797 0.281812 0.195227 0.758589 0.532643 0.178894 0.221877 -0.0142641 -0.003618 -0.00998885 -0.00623782 -0.0127105 -0.00637569 0.0287458
1.43182 0.278813 0.190748 0.760125 0.429768 0.216604 0.266424 -0.0179773 -0.00824272 -0.0123087 0.00422138 -0.0428299 -0.0471515 -0.0453174
1.54208 0.277383 0.188818 0.76004 0.402707 0.229126 0.278879 -0.0183351 -0.0129654 -0.0175079 -0.00077559 0.177004 0.06376 0.0505668
1.66969 0.278611 0.187622 0.760764 0.37351 0.234918 0.282546 -0.0203721 0.00962116 -0.00937176 0.00567699 -0.416021 -0.577789 -0.0718391
1.77453 0.275047 0.180289 0.760569 0.351113 0.23779 0.282765 -0.0206436 -0.0339945 -0.0699472 -0.00185463 -0.333958 -0.442455 0.0364672
2.1444 0.216787 0.0938874 0.764872 0.282295 0.201858 0.22388 -0.0207682 -0.157516 -0.233599 0.0116335 0.0216562 0.120616 -0.108925
2.5416 0.157639 0.0201319 0.752309 0.223337 0.128916 0.123538 -0.0219549 -0.148914 -0.185691 -0.031631 -2.43745 -3.68665 1.05199
2.57622 0.149562 0.00928553 0.752474 0.218823 0.169068 0.181226 -0.0363134 -0.233294 -0.313315 0.00478705 1.01741 1.29307 -0.072584
2.74402 0.139063 -0.0068793 0.751234 0.198202 0.169251 0.178467 -0.0366859 -0.0625667 -0.0963305 -0.00739298 0.189724 0.268596 0.117316
2.86814 0.13422 -0.0146978 0.752123 0.184211 0.167729 0.174286 -0.0365031 -0.0390186 -0.0629929 0.00716808 -0.0947855 -0.123792 0.0324342
3.10063 0.120025 -0.0360349 0.755543 0.160605 0.162249 0.162638 -0.034218 -0.0610558 -0.091774 0.0147089 -0.0215943 -0.0712102 -0.00953661
3.33554 0.104491 -0.061523 0.758472 0.139826 0.157675 0.155695 -0.032546 -0.0661285 -0.108502 0.0124687 0.171324 0.567115 -0.0121573
3.4681 0.0987357 -0.0659408 0.759911 0.12931 0.153359 0.148213 -0.0311169 -0.0434186 -0.0333281 0.0108571 -0.138837 -0.386148 0.0293399
3.66813 0.0844954 -0.0880584 0.763257 0.11492 0.144134 0.135016 -0.029317 -0.0711904 -0.11057 0.0167261 -0.0311987 0.180811 -0.0582249
3.8684 0.068987 -0.10295 0.764272 0.102116 0.14365 0.133719 -0.0312312 -0.0774385 -0.0743595 0.00506554 0.635205 0.446553 -0.138914
3.93538 0.0666499 -0.105927 0.763988 0.0981606 0.135119 0.126181 -0.0295863 -0.0348913 -0.0444486 -0.00423917 -0.10754 -0.139688 0.050288
4.36774 0.0314608 -0.151258 0.771556 0.0760651 0.106924 0.0905109 -0.023189 -0.0813877 -0.104845 0.0175035 0.0345758 0.13902 -0.0800542
4.70588 0.0078938 -0.170815 0.768321 0.0623118 0.0588958 0.0372355 -0.00755455 -0.0696963 -0.0578367 -0.00956583 -1.95493 -2.71647 1.32638
4.77182 -0.00520092 -0.186439 0.773457 0.059935 0.0713787 0.0428697 -0.0120277 -0.198597 -0.23695 0.0778906 0.359791 -0.403019 0.217546
4.83554 -0.0163955 -0.203175 0.779304 0.057724 0.0711395 0.0569044 -0.0218565 -0.175669 -0.262633 0.0917537 0.872792 1.64598 -0.858791
4.93603 -0.0252348 -0.212946 0.779852 0.0544021 0.0690318 0.0515664 -0.0244177 -0.0879625 -0.0972284 0.00545385 0.715502 0.879307 -0.553203
5.00329 -0.0279143 -0.215507 0.777716 0.0522862 0.0609274 0.042672 -0.0213531 -0.0398379 -0.0380863 -0.0317545 0.0376672 0.0693303 -0.000431979
5.17164 -0.0335534 -0.219954 0.772358 0.0473439 0.044577 0.0306208 -0.0201341 -0.0334968 -0.0264147 -0.0318273 -0.812552 -0.637922 0.436635
5.33603 -0.0610193 -0.241536 0.778926 0.0429689 0.0233528 0.0154839 -0.0159434 -0.167075 -0.131285 0.0399525 0.238986 0.239688 -0.113041
5.70769 -0.0901029 -0.257222 0.778161 0.0345107 0.00359075 0.00874619 -0.0185143 -0.0782547 -0.042204 -0.00205954 0.108184 0.0398644 0.0384525
6.1044 -0.104121 -0.267691 0.783395 0.0273108 -0.00505493 0.00128681 -0.0125988 -0.0353368 -0.0263894 0.0131949 0.0200123 -0.0815002 0.0172172
6.1715 -0.106402 -0.269828 0.784358 0.026251 -0.00571146 0.00176403 -0.0119149 -0.0339939 -0.0318584 0.0143503 0.0889174 0.0843877 -0.00395258
6.37182 -0.109644 -0.272824 0.787074 0.0233256 -0.0143161 -0.00317429 -0.00390067 -0.0161819 -0.0149538 0.0135585 -0.432293 -0.227665 0.349025
6.43974 -0.112737 -0.27489 0.789605 0.0224097 -0.00980299 -0.000983661 -0.00680355 -0.0455423 -0.0304163 0.0372635 0.199256 0.105043 -0.131853
6.61492 -0.1146 -0.276995 0.792086 0.0202098 -0.0101153 -0.00231187 -0.00463989 -0.010636 -0.0120146 0.0141651 0.0416795 -0.0189221 -0.013018
6.80367 -0.115123 -0.279936 0.794296 0.0180806 -0.00964772 -0.00409476 -0.00266324 -0.00276898 -0.0155861 0.0117079 0.00490628 0.00965719 -0.00721509
