t x y z s fx fy fz dx dy dz ddx ddy ddz
0 -0.0505883 -0.171149 0.981161 1 0.000131229 0.000141027 -0.000341186 0 0 0 0.00341362 0.00366848 -0.00887514
1.17114 -0.0459063 -0.166118 0.968988 0.75534 -0.10013 -0.0728006 0.0129166 0.00399782 0.0042963 -0.010394 0.0757276 -0.121301 0.0107912
1.33233 -0.0432942 -0.168577 0.967593 0.726725 -0.114171 -0.0793396 0.0167558 0.0162047 -0.0152568 -0.00865452 -0.0570505 0.0418461 0.0650045
1.53486 -0.0423524 -0.16995 0.968506 0.692304 -0.118722 -0.0992804 0.0207114 0.00465029 -0.0067817 0.00451084 0.22249 -0.191672 0.0198005
1.64122 -0.0393412 -0.17284 0.96921 0.674886 -0.131398 -0.107294 0.0318751 0.0283128 -0.0271666 0.00661669 -0.0404778 -0.141328 0.239576
1.70627 -0.0376706 -0.175205 0.970654 0.664449 -0.134643 -0.105359 0.0265248 0.0256795 -0.036361 0.0222028 -0.0422664 0.0735455 -0.00184884
1.96775 -0.0338458 -0.179684 0.976333 0.624101 -0.149023 -0.121498 0.033281 0.0146279 -0.0171308 0.0217194 -0.0264642 0.0410397 -0.0825418
2.26892 -0.0318407 -0.181121 0.975388 0.580654 -0.164157 -0.135103 0.0334319 0.0066575 -0.00477058 -0.00314044 0.0455156 0.035518 -0.114449
2.40141 -0.0301597 -0.18113 0.972963 0.562512 -0.164122 -0.145702 0.0374363 0.0126878 -6.48738e-05 -0.0183036 0.197132 -0.109022 0.0386888
2.5003 -0.0269775 -0.182202 0.971531 0.549342 -0.174958 -0.146918 0.0371191 0.0321809 -0.0108454 -0.0144779 -0.0615303 0.0153119 0.022926
2.90017 -0.0239479 -0.184091 0.969407 0.499155 -0.19298 -0.163895 0.0379029 0.00757633 -0.00472249 -0.00531028 0.0248208 0.00104924 -0.059403
3.10124 -0.0214212 -0.184998 0.965938 0.47568 -0.198191 -0.177247 0.0390782 0.0125669 -0.00451153 -0.017254 0.0816908 -0.139597 0.0252932
3.46817 -0.00581138 -0.205448 0.963013 0.435648 -0.200357 -0.214604 0.0410021 0.0425417 -0.0557339 -0.0079732 0.0095722 -0.147135 0.0208711
3.6395 0.00175832 -0.219316 0.962259 0.418127 -0.20564 -0.219647 0.0417529 0.0441817 -0.0809426 -0.00439734 -0.12724 0.278101 0.00398418
3.80456 0.00558433 -0.2251 0.961642 0.401914 -0.207909 -0.234557 0.0280251 0.0231789 -0.0350382 -0.00373969 -0.0505983 0.060692 -0.382721
3.83593 0.00626158 -0.226139 0.961148 0.398905 -0.21202 -0.228142 0.049234 0.0215919 -0.0331345 -0.0157441 -0.13688 0.273683 0.201561
3.90417 0.00709759 -0.227126 0.961012 0.392437 -0.204162 -0.244789 0.042673 0.0122516 -0.0144592 -0.00199014 0.141837 -0.126533 -0.0151844
4.17756 0.0210482 -0.240536 0.959333 0.367556 -0.204959 -0.261921 0.0434951 0.0510283 -0.0490521 -0.0061414 -0.046088 0.0517205 -0.00819695
4.61994 0.0346027 -0.252114 0.955012 0.330593 -0.205289 -0.284093 0.042462 0.0306399 -0.0261719 -0.00976757 0.0649284 0.0119497 -0.0148596
4.70398 0.0376367 -0.254229 0.954086 0.324003 -0.207039 -0.289069 0.0369778 0.0360971 -0.0251676 -0.0110165 0.00352913 -0.0132526 -0.148466
4.80384 0.0412762 -0.256874 0.951506 0.316343 -0.204586 -0.295886 0.0417219 0.0364495 -0.0264909 -0.025841 0.0598395 -0.0588057 0.0557011
5.17447 0.0630057 -0.274771 0.94958 0.289464 -0.17725 -0.335765 0.0443931 0.0586281 -0.0482863 -0.00519629 0.462972 -0.369694 0.0540762
5.27288 0.0732593 -0.283103 0.949593 0.282719 -0.180223 -0.331935 0.0393339 0.10419 -0.0846686 0.000125455 0.0903988 0.0840571 -0.108592
5.50392 0.102157 -0.298178 0.943825 0.267494 -0.172773 -0.34579 0.0377282 0.125076 -0.065248 -0.0249637 -0.341141 0.189675 0.0165983
5.73597 0.112811 -0.303106 0.938926 0.253029 -0.127995 -0.361118 0.0150352 0.0459137 -0.0212339 -0.021112 0.896928 -0.0701533 -0.494609
5.77316 0.115759 -0.303992 0.937457 0.250784 -0.156392 -0.360196 0.0331149 0.0792688 -0.0238427 -0.0395056 0.0297325 0.000529061 0.0505928
5.94619 0.130365 -0.308102 0.932136 0.2406 0.134884 -0.449306 0.0245732 0.0844134 -0.0237512 -0.0307514 7.3317 -2.13113 -0.0812769
5.97941 0.141258 -0.311242 0.931025 0.238693 -0.15539 -0.364547 0.0285905 0.327943 -0.0945388 -0.0334511 -1.04712 0.334957 0.0532146
6.24363 0.154805 -0.312837 0.925901 0.224051 -0.132001 -0.375266 0.0245934 0.0512689 -0.00603543 -0.0193906 0.0208817 0.0062006 0.00994027
6.87196 0.195262 -0.314181 0.917642 0.192739 -0.0990587 -0.379865 0.0159017 0.0643895 -0.00213942 -0.0131449 0.154675 0.157339 -0.101078
6.9403 0.200385 -0.313592 0.916272 0.189609 0.0332017 -0.340347 -0.00367884 0.0749598 0.00861301 -0.0200525 3.47323 1.16947 -0.567223
6.97229 0.206339 -0.31212 0.915049 0.188161 -0.106403 -0.385196 0.0210021 0.186085 0.0460299 -0.0382007 -0.555047 -0.111225 0.144869
7.17196 0.221366 -0.307363 0.913198 0.179372 -0.0789444 -0.377534 0.0146711 0.0752587 0.0238215 -0.00927447 0.1272 0.0847819 -0.0628735
7.40798 0.246214 -0.297018 0.907506 0.16951 -0.069797 -0.375493 0.0143967 0.10528 0.0438318 -0.0241139 -0.237749 -0.100675 0.0857158
7.61144 0.257792 -0.292268 0.906148 0.161446 -0.0543142 -0.367892 0.0120437 0.0569102 0.0233494 -0.00667498 0.0690261 0.0841922 -0.00269323
8.0403 0.294895 -0.266769 0.90279 0.145681 -0.0380178 -0.352043 0.0198508 0.0865131 0.0594564 -0.00783002 -0.359911 -0.127559 0.247513
8.11673 0.299405 -0.26297 0.903638 0.143038 -0.0376209 -0.357971 0.00834479 0.0590055 0.0497073 0.0110871 -0.372523 -0.337221 -0.125041
8.20824 0.301685 -0.261245 0.903605 0.139936 -0.00850193 -0.332288 0.00776134 0.0249147 0.0188472 -0.000355801 0.440591 0.382062 -0.121192
8.34068 0.312712 -0.252048 0.901432 0.135565 -0.0125683 -0.330989 0.0112544 0.0832662 0.0694471 -0.0164063 -0.0375844 0.0930394 0.0516384
8.67603 0.336409 -0.218295 0.901738 0.125099 0.00235802 -0.304792 0.0162985 0.0706622 0.100648 0.000910693 -0.116133 -0.0942508 0.106123
8.93975 0.346967 -0.198307 0.909358 0.11744 0.00520256 -0.290708 0.0176757 0.0400362 0.0757927 0.0288968 -0.15751 -0.130092 -0.142246
9.2082 0.346364 -0.187336 0.906864 0.110124 0.00363355 -0.279678 0.0163627 -0.00224798 0.0408691 -0.00928962 -0.000180377 0.00990793 -0.0426007
9.30975 0.346133 -0.183083 0.905482 0.107477 -0.00248142 -0.16259 0.0474385 -0.0022663 0.0418752 -0.0136158 -0.1228 2.96342 0.804591
9.33991 0.345954 -0.179126 0.905803 0.106704 0.00312925 -0.269888 0.0167622 -0.0059691 0.131232 0.0106452 0.0453359 -0.132483 -0.0602815
9.74404 0.350946 -0.147729 0.900259 0.0968565 0.00167616 -0.239693 0.00938635 0.0123525 0.0776912 -0.0137164 -0.0517915 0.037824 -0.0780801
10.0085 0.350591 -0.124541 0.891173 0.0909108 -0.0276315 0.0504818 0.0357014 -0.0013425 0.0876928 -0.0343628 -0.704738 7.00607 0.874656
10.0442 0.349643 -0.112462 0.891062 0.0901358 -0.00296047 -0.231218 -0.00150236 -0.0265242 0.338033 -0.00310961 0.0291676 -1.21225 -0.165046
10.2762 0.345059 -0.0992869 0.881457 0.0852624 -0.0119188 -0.19632 -0.004215 -0.0197573 0.0567894 -0.0414004 -0.0443695 0.0452796 0.0900628
10.6524 0.331344 -0.0715096 0.87863 0.0779127 -0.158033 -0.100608 -0.0238427 -0.0364514 0.073826 -0.00751398 -3.36512 1.83026 -0.445813
10.7079 0.318956 -0.0617752 0.87684 0.0768836 -0.0262081 -0.179318 -0.0071001 -0.223209 0.175401 -0.0322557 0.832567 -0.698676 0.0910357
10.844 0.304 -0.0508448 0.874136 0.0744171 -0.0493544 -0.164753 -0.010541 -0.109899 0.0803137 -0.019866 0.384253 -0.363628 0.0363173
11.0132 0.296404 -0.0476623 0.871815 0.0714621 -0.0802023 -0.151205 -0.0105726 -0.0449154 0.018818 -0.0137241 -0.337829 0.0721991 0.0735376
11.2783 0.260745 -0.0375973 0.873346 0.0670638 -0.105061 -0.148639 -0.00957565 -0.134488 0.037961 0.00577376 0.202036 -0.13302 0.0023104
11.5763 0.238609 -0.0380986 0.875272 0.0624422 -0.12526 -0.150007 -0.00915095 -0.0742766 -0.00168226 0.00646232 0.165448 -0.0271824 -0.0509234
11.6766 0.232823 -0.038541 0.875407 0.0609593 -0.141509 -0.147673 -0.00842891 -0.0576792 -0.00440914 0.00135378 -0.128294 0.0629858 -0.0278251
11.99 0.202146 -0.0337365 0.873099 0.0565498 -0.190886 -0.140835 0.00157012 -0.097886 0.0153304 -0.00736652 -0.470487 0.10443 0.300614
12.1126 0.18309 -0.0302905 0.876709 0.054914 -0.189391 -0.142527 -0.00759423 -0.155531 0.0281253 0.0294651 0.217008 -0.0461855 -0.121829
12.38 0.157017 -0.0260722 0.875877 0.0515062 -0.220356 -0.139436 -0.00720953 -0.0975016 0.015775 -0.0031126 -0.00612279 -0.0201191 -0.0236516
12.444 0.150749 -0.0251446 0.87558 0.050722 -0.229678 -0.136043 -0.00718407 -0.0978936 0.0144867 -0.00462711 -0.0756306 0.053133 -0.0138928
12.5803 0.135999 -0.0221826 0.874691 0.0490923 -0.243836 -0.132474 -0.00625908 -0.108203 0.0217294 -0.00652088 -0.0175336 0.0648191 0.0332601
12.7801 0.113683 -0.0152547 0.874716 0.0467979 -0.265623 -0.125157 -0.00649902 -0.111706 0.0346786 0.000123621 0.0307403 0.0627526 0.00467098
13.112 0.0799952 0.00316723 0.875272 0.0432208 -0.274261 -0.110996 -0.0085468 -0.101503 0.0555057 0.00167388 0.69973 -0.0685545 -0.0763933
13.1946 0.0763849 0.00728334 0.874889 0.0423741 -0.300766 -0.10697 -0.00702626 -0.0437204 0.0498445 -0.00463459 -0.0205337 -0.0511254 -0.014512
13.3131 0.070915 0.0124725 0.874136 0.0411879 -0.299782 -0.10566 -0.00478428 -0.0461539 0.0437855 -0.00635445 0.166636 -0.128657 0.0641698
13.4857 0.067913 0.0161971 0.874951 0.0395194 -0.307717 -0.0899015 -0.00669529 -0.0173933 0.0215799 0.00472093 -0.00942628 0.249094 -0.0370463
13.9118 0.0587889 0.0706309 0.870235 0.0356836 -0.293853 -0.0482779 -0.00346162 -0.0214104 0.127733 -0.0110665 0.641987 -0.301117 0.196036
14.0595 0.0696314 0.082928 0.872877 0.034443 -0.298995 -0.0282822 -0.00740498 0.07341 0.0832581 0.0178877 0.019835 0.0123221 -0.0460087
14.286 0.087272 0.102413 0.874568 0.0326241 -0.288846 -0.0117688 -0.00908766 0.0779015 0.0860484 0.00746913 -0.164599 -0.0572545 -0.114488
14.4499 0.0956188 0.11498 0.872716 0.0313677 -0.255032 0.0158364 -0.0121231 0.0509208 0.0766634 -0.0112974 0.575097 0.365602 -0.105032
14.58 0.111974 0.131139 0.869469 0.0304052 -0.260112 0.0121228 -0.0114414 0.125731 0.124222 -0.0249603 -0.145491 -0.254466 0.0263284
14.8799 0.136596 0.145506 0.864351 0.0282971 -0.231184 0.0345479 -0.0168622 0.0820958 0.0479033 -0.0170639 0.092266 0.149198 -0.00566489
15.1802 0.169571 0.173347 0.858716 0.0263326 -0.21139 0.0499975 -0.0195887 0.109804 0.0927086 -0.0187652 -0.292509 -0.262019 0.0686128
15.3482 0.179762 0.181527 0.8575 0.0252938 -0.206943 0.050977 -0.0222746 0.0606642 0.048691 -0.00723862 -0.315646 -0.338781 0.000729496
15.4264 0.182576 0.183263 0.856938 0.0248242 -0.194465 0.0644696 -0.0205613 0.035975 0.0221923 -0.00718156 -0.00141479 0.0323679 0.0584991
15.5163 0.185799 0.185519 0.856765 0.0242953 -0.184568 0.0678917 -0.0230625 0.0358478 0.0251021 -0.00192261 0.178573 0.0600516 -0.0157431
15.6552 0.194226 0.190166 0.856194 0.0234999 -0.178976 0.0729188 -0.0228593 0.0606574 0.0334451 -0.00410984 0.0562321 0.0567599 0.00731971
16.1564 0.238754 0.221187 0.855973 0.0208409 -0.0965395 0.0868428 -0.0309785 0.0888412 0.0618935 -0.000441158 1.00732 -0.433381 -0.213906
16.2161 0.247643 0.223338 0.855185 0.020545 -0.122219 0.096534 -0.024343 0.148956 0.0360301 -0.0132067 -0.0283634 -0.174731 0.00809924
16.5163 0.289801 0.218408 0.851951 0.0191193 -0.0897491 0.0769356 -0.0226479 0.140442 -0.0164207 -0.0107754 -0.244192 -0.423134 0.126795
16.6224 0.301952 0.211904 0.852235 0.0186395 -0.067012 0.0861202 -0.0254161 0.114535 -0.0613119 0.00267648 0.0969606 0.0931841 0.0147956
16.816 0.327768 0.203525 0.853308 0.0177944 -0.0438347 0.072657 -0.0239952 0.133312 -0.043267 0.00554161 -0.00563922 -0.0744565 0.0148768
17.2165 0.380252 0.174256 0.857913 0.0161664 -0.0161669 0.0412623 -0.0132799 0.131053 -0.0730855 0.0114995 -0.627224 -0.0476332 0.155517
17.4166 0.381369 0.15773 0.866437 0.0154099 -0.000404708 0.0494214 -0.0148981 0.00558271 -0.0826141 0.0426092 0.0543607 0.622583 -0.182736
17.4852 0.382008 0.154992 0.8685 0.0151586 0.000515382 0.0180815 -0.0127878 0.00931289 -0.039893 0.03007 0.0558802 -0.218874 -0.153026
17.5958 0.383722 0.147902 0.869954 0.0147622 -0.00142686 0.021504 -0.00771275 0.0154937 -0.0641024 0.013144 -0.0490466 0.114018 -0.0205274
17.9098 0.383751 0.139016 0.872057 0.0136923 -0.000394578 0.0122491 -0.00538113 9.12854e-05 -0.0282967 0.00669761 0.0251908 0.0294881 -0.00250251
18.2843 0.387317 0.132554 0.874214 0.0125173 0.00191649 0.00730899 -0.00354549 0.00952455 -0.0172542 0.00576049 -0.015917 0.052552 -0.0118839
18.5519 0.388726 0.131701 0.874905 0.0117398 0.00280218 0.00261942 -0.00123054 0.00526442 -0.00318879 0.00257979 -0.010684 -0.0738801 0.0356568
18.7518 0.389352 0.128112 0.876845 0.0111909 0.00414935 0.00262796 -0.00140446 0.00312884 -0.0179564 0.00970709 0.019368 0.0583591 -0.0374169
18.984 0.391122 0.127088 0.877082 0.0105854 0.00410833 0.00273883 -0.000999123 0.00762531 -0.00440779 0.00102042 -0.0312528 0.0610744 -0.0144728
