t x y z s fx fy fz dx dy dz ddx ddy ddz
0 0.0114738 -0.163845 0.967062 1 -0.0490673 0.000203662 0.0179385 0 0 0 -1.29888 0.00539125 0.474857
0.0993958 -0.00135854 -0.163792 0.971753 0.976057 -0.0185671 -0.000160471 0.00763191 -0.129104 0.000535868 0.0471988 0.370512 0.16228 -0.130847
0.43329 -0.00315883 -0.145521 0.972925 0.899748 -0.0539839 -0.0195633 0.015176 -0.0053918 0.0547202 0.00350979 -0.121791 -0.42399 -0.167677
0.572584 -0.00627296 -0.146125 0.970161 0.869704 -0.0617697 -0.0153445 0.0207781 -0.0223565 -0.00433901 -0.0198466 0.066558 0.0558448 -0.0125371
0.868124 -0.00706676 -0.14253 0.9632 0.809241 -0.0868614 -0.0273185 0.0235392 -0.00268595 0.0121654 -0.0235518 -0.0761227 0.0319269 0.00878534
1.0354 -0.00964607 -0.139602 0.959506 0.776901 -0.0983587 -0.0350958 0.0260406 -0.0154195 0.017506 -0.0220822 0.0105809 -0.0355592 0.038368
1.25061 -0.0124745 -0.137481 0.956531 0.737187 -0.113205 -0.0445081 0.028896 -0.0131423 0.00985317 -0.0138249 0.04641 -0.0420643 0.0123755
1.60713 -0.0112609 -0.139315 0.953175 0.675814 -0.129573 -0.0589194 0.0389367 0.00340382 -0.00514363 -0.00941281 0.0971572 0.0942364 0.108076
1.70015 -0.0101036 -0.138978 0.953235 0.660659 -0.139027 -0.065216 0.0354263 0.0124414 0.00362223 0.000640387 -0.0680287 0.00498093 -0.0715849
1.79943 -0.00953898 -0.138569 0.952593 0.64486 -0.142689 -0.070161 0.0401124 0.00568762 0.00411672 -0.00646643 -0.0209422 -0.026252 0.0223166
1.96715 -0.00917415 -0.138617 0.952136 0.619023 -0.148721 -0.0814433 0.0427782 0.00217532 -0.000286102 -0.00272362 0.0518194 -0.130623 -0.00849022
2.36937 8.45973e-05 -0.159866 0.949667 0.561199 -0.158736 -0.117269 0.0483559 0.0230186 -0.0528266 -0.00613864 0.0154819 0.016554 -0.0215064
3.51901 0.0470095 -0.198718 0.914185 0.42402 -0.157765 -0.189818 0.0318376 0.0408171 -0.0337955 -0.0308632 -0.00187464 0.048967 -0.016374
3.83549 0.0597393 -0.204509 0.902778 0.392533 -0.150759 -0.207723 0.0262711 0.0402239 -0.0182986 -0.0360452 0.132919 -0.0858716 0.0230307
4.13548 0.0837689 -0.217727 0.894037 0.364847 -0.140366 -0.225509 0.0230989 0.0800992 -0.04406 -0.029136 -0.0719463 0.0498621 0.0419873
4.47135 0.102556 -0.226901 0.888988 0.33616 -0.126693 -0.245066 0.0193995 0.0559346 -0.0273128 -0.0150338 0.109456 -0.0619335 -0.0718074
4.67214 0.118199 -0.234882 0.883074 0.3201 -0.136562 -0.24492 0.025672 0.0779122 -0.0397483 -0.0294519 -0.472624 0.296156 0.219892
4.77167 0.121272 -0.235904 0.882321 0.312426 -0.112883 -0.259304 0.0154998 0.0308732 -0.0102728 -0.00756665 0.253667 -0.0731082 -0.112332
5.00348 0.142059 -0.242214 0.874531 0.295258 -0.0875098 -0.273293 0.00867648 0.089675 -0.0272198 -0.0336061 0.391185 -0.114932 -0.0945937
5.10346 0.154937 -0.246085 0.870225 0.288148 -0.0923203 -0.274094 0.0100192 0.128788 -0.0387114 -0.0430642 -0.105301 0.0437796 0.0485376
5.50344 0.189603 -0.254564 0.860765 0.261375 -0.0275801 -0.2883 0.0023941 0.0866711 -0.0212008 -0.0236506 1.03278 0.0399504 -0.0572617
5.59052 0.204982 -0.256108 0.858272 0.255884 -0.0597003 -0.289386 0.00335647 0.17661 -0.0177218 -0.0286371 -0.387875 0.0826152 0.0238043
5.83978 0.224905 -0.255392 0.852613 0.240796 -0.0265028 -0.294295 0.00143594 0.0799282 0.0028708 -0.0227037 0.328954 -0.00838312 0.0476367
5.94119 0.236394 -0.255187 0.8508 0.234916 -0.0275501 -0.291695 -0.00279303 0.113288 0.00202066 -0.0178728 -0.0286629 0.0985909 -0.0515779
6.07472 0.25101 -0.253159 0.847494 0.227391 -0.0127399 -0.292953 -0.00253786 0.10946 0.0151854 -0.02476 0.0536218 0.0336215 0.0285375
6.47239 0.30302 -0.241803 0.842161 0.206379 0.0257641 -0.284331 -0.00248435 0.130784 0.0285559 -0.0134113 -0.164259 0.0780888 0.0591935
6.71284 0.32497 -0.230423 0.842358 0.194628 0.0517027 -0.270565 -0.00044145 0.0912893 0.0473319 0.000821524 0.141163 0.179798 0.0267693
6.94749 0.354163 -0.209417 0.844025 0.183806 0.0697329 -0.256483 0.000216729 0.124413 0.089521 0.00710286 -0.134838 -0.0268871 -0.0586141
7.30742 0.381475 -0.180678 0.838988 0.168363 0.0752722 -0.246758 -0.00163412 0.0758799 0.0798434 -0.0139943 -0.456547 -0.398158 0.0131585
7.47368 0.381471 -0.17841 0.837025 0.161675 0.0884717 -0.223034 -0.000334551 -2.55223e-05 0.0136458 -0.0118066 0.133215 0.373821 0.067264
7.73962 0.390885 -0.148343 0.838642 0.151525 0.0833419 -0.206363 0.00199001 0.0354013 0.113059 0.00608144 -0.243831 -0.144446 0.00253854
7.90793 0.389936 -0.133406 0.839738 0.145432 0.0783823 -0.193848 -0.00297205 -0.00563945 0.0887462 0.00650872 -0.197695 -0.10795 -0.183492
8.13963 0.378016 -0.118639 0.831395 0.137445 0.0708135 -0.189744 -0.000544629 -0.0514448 0.0637345 -0.0360058 0.0982062 -0.274545 0.169923
8.23957 0.373856 -0.115011 0.829494 0.134136 0.0603835 -0.175942 -0.00545293 -0.0416298 0.0362955 -0.0190232 -0.0610539 0.0831331 0.0367163
8.47553 0.360634 -0.101819 0.827049 0.126637 0.0495765 -0.169332 -0.00648262 -0.0560358 0.0559112 -0.0103598 0.104835 -0.0845623 0.0232941
8.77528 0.353257 -0.0926571 0.826037 0.117712 0.0393279 -0.159939 -0.0103362 -0.0246107 0.0305631 -0.00337724 0.0351777 0.0446731 -0.104583
8.9078 0.350613 -0.0878227 0.823753 0.11397 -0.0284554 -0.0420879 0.036628 -0.0199493 0.0364828 -0.0172358 -1.66634 3.04882 1.21675
8.94389 0.347722 -0.0825342 0.824716 0.112971 0.0290138 -0.161339 -0.0121722 -0.0800924 0.146524 0.0266802 0.0829096 -0.501406 -0.208577
9.17554 0.333618 -0.0754985 0.819704 0.106768 0.00333417 -0.144028 -0.0110308 -0.0608862 0.0303715 -0.0216373 -0.212843 0.0894553 0.0436057
9.44366 0.301992 -0.0609247 0.817037 0.100011 -0.0178935 -0.138412 -0.0140622 -0.117953 0.0543561 -0.00994586 0.258649 -0.156726 -0.0210859
9.57558 0.290933 -0.0564815 0.815358 0.0968458 -0.0349661 -0.135714 -0.0128906 -0.0838321 0.0336808 -0.0127275 0.0473205 -0.131604 0.0481446
9.74404 0.278154 -0.0545424 0.81458 0.0929486 -0.0356816 -0.134576 -0.0126102 -0.0758603 0.0115103 -0.00461691 0.383064 -0.0727728 0.041174
9.88922 0.275214 -0.0544052 0.814778 0.0897162 -0.0792585 -0.131309 -0.0102093 -0.0202479 0.0009453 0.00136065 -0.79509 0.0579541 0.0722597
10.0433 0.25321 -0.0528831 0.816704 0.0864077 -0.0657152 -0.13377 -0.0123392 -0.142782 0.00987678 0.0124968 0.46597 -0.045274 -0.0748652
10.1753 0.242483 -0.052368 0.817049 0.0836726 -0.0910664 -0.133218 -0.00990423 -0.0813089 0.00390405 0.00262029 -0.0419653 -0.0108257 -0.00724791
10.7115 0.186816 -0.0533874 0.81637 0.0734182 -0.13224 -0.131807 -0.00573723 -0.103812 -0.00190102 -0.00126626 0.487776 0.139735 0.0887187
10.7815 0.18194 -0.0528364 0.816716 0.0721765 -0.177932 -0.137315 -0.000377939 -0.0696853 0.00787538 0.00494085 -0.662259 -0.035018 0.201712
10.9112 0.161749 -0.0524041 0.820753 0.0699289 -0.177302 -0.132841 -0.00074311 -0.155615 0.00333173 0.0311134 0.112706 0.0986152 0.0141115
11.1113 0.135125 -0.0477897 0.827543 0.0665995 -0.196611 -0.132551 0.00540704 -0.133064 0.0230627 0.0339369 0.283053 -0.0390512 -0.0229941
11.2815 0.120676 -0.0449952 0.832654 0.0638917 -0.217915 -0.125766 0.00852424 -0.0848763 0.0164145 0.0300223 0.0120333 0.101452 -0.0774704
11.6795 0.0888051 -0.0223973 0.832333 0.057984 -0.249447 -0.105494 0.00972701 -0.0800877 0.0567867 -0.000806606 0.063101 -0.0139542 0.01194
12.1436 0.0652274 0.000952393 0.834531 0.0517803 -0.255028 -0.0595622 -0.0161068 -0.0508017 0.0503104 0.00473489 0.526293 0.643006 -0.768327
12.1794 0.0640833 0.00357685 0.833716 0.0513304 -0.268706 -0.0836234 0.0125676 -0.0319646 0.073325 -0.0227652 0.153979 -0.114715 0.0755839
12.3182 0.0626134 0.0115456 0.832012 0.0496221 -0.27306 -0.0635982 0.0100859 -0.0105877 0.0573991 -0.0122719 0.0424613 0.254221 0.0232297
12.5563 0.0624992 0.0396156 0.830407 0.046824 -0.27382 -0.0458161 0.00870299 -0.000479795 0.117916 -0.00674204 0.0267492 -0.141628 0.0046852
12.9492 0.0664415 0.0640822 0.828482 0.0425459 -0.270107 -0.0332839 0.00675153 0.010032 0.06226 -0.00490087 0.0345209 -0.295541 -0.0176706
13.1117 0.0689819 0.0663976 0.827219 0.0408939 -0.103845 0.313455 -0.0257131 0.0156394 0.0142542 -0.00777117 4.37013 8.9472 -0.843534
13.1488 0.0755984 0.0792837 0.825765 0.0405251 -0.266238 -0.035279 0.00523379 0.178043 0.346752 -0.0391188 -0.484966 -1.41006 0.0868853
13.3482 0.0918178 0.092362 0.82142 0.038602 -0.24312 0.00303602 -0.00079119 0.0813421 0.0655888 -0.021794 -0.0560056 -0.0627138 -0.00637317
13.5187 0.104059 0.101722 0.817519 0.0370302 -0.218462 0.0183908 -0.00534178 0.071793 0.0548959 -0.0228807 0.309516 0.132405 -0.0273539
13.7821 0.144444 0.125368 0.809594 0.0347269 -0.196965 0.0305666 -0.0112038 0.153321 0.0897719 -0.0300858 -0.362675 -0.237535 0.034984
14.0475 0.159593 0.132465 0.804074 0.0325516 -0.109161 0.0679585 -0.0308357 0.0570956 0.026749 -0.0208038 1.80814 0.729006 -0.369372
14.0804 0.163437 0.134138 0.802988 0.0322911 -0.168916 0.0427635 -0.018012 0.11667 0.0507682 -0.0329739 -0.0141241 -0.0372528 0.0266105
14.5167 0.211652 0.149197 0.793667 0.0290325 -0.118848 0.057084 -0.0263997 0.110508 0.0345148 -0.0213637 0.079014 0.00471494 0.0106346
14.8873 0.263458 0.162636 0.78721 0.0265243 -0.0718921 0.0654348 -0.0283233 0.13979 0.0362622 -0.0174225 -0.0960168 -0.116382 0.111148
15.0155 0.279795 0.165371 0.786802 0.0257084 -0.0913778 0.0655794 -0.0305739 0.127486 0.0213483 -0.00317927 -1.00778 -0.143894 0.0253287
15.117 0.282351 0.166056 0.786741 0.0250799 -0.0479436 0.0731133 -0.0296391 0.0251805 0.00674072 -0.000608 0.322234 0.0764537 0.0430758
15.3475 0.305272 0.171671 0.788889 0.0237094 -0.0410383 0.0707363 -0.0288104 0.0994496 0.0243619 0.0093202 -0.265178 -0.167142 -0.0209068
15.5834 0.313974 0.168113 0.789924 0.0223839 -0.0237477 0.0483519 -0.0235178 0.0368784 -0.0150767 0.00438704 0.122324 -0.562774 0.0981068
15.6364 0.316272 0.165733 0.790432 0.0220966 -0.0269907 0.0707709 -0.0260442 0.0433612 -0.044902 0.0095864 -0.0371048 0.166333 0.00430659
15.8227 0.323061 0.163141 0.792367 0.0211155 -0.0197768 0.0636177 -0.0238418 0.03645 -0.0139205 0.0103886 -0.000623108 -0.0208079 0.00551541
16.1941 0.336515 0.155099 0.796987 0.0192872 -0.0107961 0.0570329 -0.0205451 0.0362185 -0.0216498 0.0124373 -0.101939 0.0489866 -0.0417661
16.3586 0.339714 0.152863 0.797903 0.0185291 -0.00445541 0.0522175 -0.0169813 0.0194517 -0.0135925 0.00556764 0.0277757 -0.033021 0.0415279
16.5643 0.344891 0.148669 0.800806 0.0176227 0.0314201 -0.0569096 0.00693705 0.0251656 -0.0203854 0.0141106 0.835085 -2.78828 0.573944
16.6162 0.34845 0.140093 0.803086 0.017401 -0.00871288 0.0552834 -0.015903 0.0685274 -0.165167 0.0439126 -0.422149 0.753029 -0.162484
16.7517 0.349987 0.131537 0.806053 0.0168357 0.00414628 0.0256736 -0.00713724 0.0113481 -0.0631704 0.0219045 0.0180602 -0.0417886 0.0408388
16.9516 0.352977 0.117239 0.812063 0.0160348 0.00721934 0.0157987 -0.00542022 0.0149584 -0.071524 0.0300682 0.0189525 0.100728 -0.0953916
17.2323 0.35867 0.105098 0.812986 0.014974 0.00812053 0.00867647 -0.00241805 0.0202793 -0.0432446 0.00328698 -0.110904 0.174121 0.0187663
17.4515 0.357789 0.103983 0.814608 0.0141949 0.0192919 -0.00486414 -0.0053959 -0.00402399 -0.00508803 0.00739938 0.272753 -0.239641 -0.115876
17.5194 0.358775 0.102531 0.814575 0.0139617 0.00766276 0.00478131 -0.00104702 0.0145101 -0.0213721 -0.000474616 -0.10296 0.094336 0.017798
17.7845 0.355387 0.103494 0.8157 0.013088 0.00672715 0.00342125 -0.000497716 -0.0127809 0.00363294 0.00424298 0.0344737 -0.0201866 -0.0121398
18.0873 0.354677 0.102743 0.815872 0.0121566 0.0145193 0.00385866 0.000771205 -0.00234336 -0.00247892 0.000567436 0.24324 0.032313 0.0218344
18.188 0.356911 0.102822 0.816151 0.0118616 0.00142001 0.00329976 0.000665053 0.0221675 0.000777192 0.00276765 -0.218014 0.00982065 0.0052379
18.3208 0.356012 0.103098 0.81661 0.0114838 0.00781231 0.00193192 0.000785934 -0.00677368 0.00208087 0.00346297 0.0469443 -0.0341176 -0.00690706
18.5514 0.356947 0.101763 0.817042 0.0108559 0.00644521 0.00369912 -0.000450956 0.00405341 -0.0057879 0.00186995 -0.0339453 0.0710684 -0.0498365
18.703 0.356781 0.102518 0.816181 0.0104621 0.00335092 0.00228432 -0.0011569 -0.00109073 0.00498194 -0.00568238 -0.0957375 -0.00908558 -0.0294417
