t x y z s fx fy fz dx dy dz ddx ddy ddz
0 0.0594824 -0.0720203 0.777136 1 -0.00125098 0.00753777 -0.00926478 0 0 0 -0.0334129 0.20133 -0.247457
0.200279 0.0581422 -0.0639446 0.76721 0.951925 -0.0130813 0.000359698 -0.00776526 -0.0066919 0.0403221 -0.0495605 -0.0983123 -0.156339 0.0982563
0.33216 0.0555497 -0.0613461 0.762383 0.921537 -0.0173328 0.000988828 -0.00826631 -0.0196574 0.019704 -0.0366024 0.0143247 -0.0673513 0.133638
0.469911 0.0531137 -0.0599098 0.759877 0.890832 -0.0238324 0.000549831 -0.0110325 -0.0176842 0.0104262 -0.0181936 0.028366 -0.00197469 0.032993
0.868218 0.0505702 -0.0560703 0.757864 0.807684 -0.0379943 -0.00644638 -0.00598962 -0.00638579 0.00963971 -0.00505221 0.0357479 -0.0368652 0.0553906
0.968333 0.0502892 -0.0554747 0.757914 0.788035 -0.0420011 -0.00769859 -0.0068297 -0.00280688 0.00594895 0.000493217 0.00914134 -0.0176968 -0.0134337
1.3394 0.0505063 -0.0557039 0.756247 0.719286 -0.0524119 -0.0151817 -0.00366807 0.000585155 -0.000617729 -0.00449158 0.00217453 0.0131403 0.0161051
1.43625 0.0505834 -0.0556405 0.755963 0.702351 -0.0527424 -0.0180208 -0.00298512 0.000795765 0.000654943 -0.00293175 0.0609904 -0.0159686 0.0107793
1.52265 0.0511075 -0.0557031 0.75579 0.68758 -0.0569871 -0.0189158 -0.00308913 0.00606546 -0.000724773 -0.00200039 -0.0177352 0.00997966 -0.0135275
1.86948 0.0510778 -0.054754 0.753469 0.631348 -0.0650193 -0.0256932 -0.00153477 -8.55666e-05 0.00273643 -0.00669207 0.0163281 -0.0337969 0.0101287
2.08126 0.051792 -0.0556903 0.752506 0.599298 -0.0686753 -0.0278572 -0.00125663 0.00337236 -0.00442101 -0.00454703 0.0242064 0.0478935 -0.0137478
2.23648 0.0528987 -0.0552226 0.751469 0.576845 -0.0737802 -0.0277456 0.00262602 0.00712973 0.00301311 -0.00668099 -0.057598 0.0888469 0.0863926
2.30412 0.0531174 -0.0546123 0.751413 0.567326 -0.0744823 -0.0334926 0.000721256 0.00323374 0.00902281 -0.000837299 -0.0334218 -0.0663853 0.00765446
2.60782 0.0510169 -0.0579949 0.751864 0.526486 -0.0802289 -0.0435558 0.00367375 -0.00691635 -0.0111382 0.00148734 0.0627465 -0.0725613 0.00275923
2.83991 0.0527916 -0.0644886 0.752358 0.497268 -0.0825648 -0.0558895 0.00558721 0.00764655 -0.027979 0.00212773 0.0392898 -0.0995336 -0.00816785
3.20415 0.0607896 -0.0878854 0.752049 0.454648 -0.0800039 -0.082554 0.00793058 0.0219577 -0.0642337 -0.000847367 0.0365627 0.0293025 0.000755775
3.57352 0.0738885 -0.107614 0.75184 0.415157 -0.0680692 -0.109828 0.0148311 0.0354628 -0.0534102 -0.000568206 0.136916 -0.0780996 0.126054
3.63602 0.0766394 -0.111256 0.752296 0.408823 -0.0704391 -0.111397 0.0109791 0.0440192 -0.058291 0.00730938 0.00595752 0.00819646 -0.0181078
3.87237 0.0873761 -0.124575 0.753012 0.385731 -0.0654387 -0.122872 0.0132325 0.0454273 -0.0563538 0.00302963 -0.05489 0.122972 -0.00421769
4.13675 0.0955496 -0.130879 0.753519 0.361442 -0.0544098 -0.134958 0.0151195 0.0309152 -0.0238417 0.00191454 0.156739 -0.035327 -0.00400559
4.20435 0.0983555 -0.132652 0.75363 0.355481 -0.0558614 -0.137729 0.0150101 0.04151 -0.0262296 0.00164378 0.0424246 -0.0381752 -0.018903
4.44059 0.11053 -0.140979 0.752963 0.335411 -0.0514021 -0.144073 0.0165498 0.0515325 -0.0352483 -0.00282194 -0.104379 0.0973175 0.018196
4.67193 0.116865 -0.143925 0.753284 0.316856 -0.0279007 -0.14991 0.014628 0.0273855 -0.0127348 0.00138751 0.488726 0.0227164 -0.0818129
4.73993 0.120987 -0.144686 0.753 0.311599 -0.0384011 -0.152716 0.0175018 0.0606188 -0.0111901 -0.00417577 0.0405663 -0.0196247 0.00730871
4.94025 0.134758 -0.147715 0.752457 0.296616 -0.0310358 -0.155584 0.018191 0.0687452 -0.0151214 -0.00271166 -0.0878334 0.0395832 0.0124627
5.24036 0.147479 -0.148688 0.752765 0.275507 -0.0103522 -0.156729 0.0235019 0.0423862 -0.00324244 0.00102843 0.275343 0.0707582 0.102952
5.27362 0.149193 -0.148718 0.752914 0.273261 -0.0186625 -0.157821 0.0197035 0.051546 -0.000888532 0.00445335 -0.00499509 0.0435832 -0.0142769
5.44016 0.157639 -0.147657 0.753259 0.262292 -0.00542521 -0.15814 0.022107 0.0507142 0.00636968 0.00207571 0.170444 0.0227325 0.0286052
5.60428 0.170553 -0.145999 0.75437 0.251913 -0.00324995 -0.156773 0.0188509 0.0786869 0.0101005 0.0067703 -0.140179 0.0375898 -0.116064
5.74013 0.178656 -0.143934 0.753148 0.243634 0.00769656 -0.154699 0.0216778 0.0596436 0.0152071 -0.00899695 0.0155988 0.0507589 0.0163445
6.27212 0.214801 -0.121478 0.752988 0.213747 0.0361582 -0.135125 0.0232179 0.0679422 0.0422107 -0.000301682 -0.0855486 7.7518e-05 -0.00740473
6.6083 0.227973 -0.107279 0.752049 0.196781 0.0414626 -0.115926 0.0186649 0.0391828 0.0422368 -0.00279097 -0.15666 0.185111 -0.125478
6.67354 0.229863 -0.103735 0.751333 0.193648 0.0464642 -0.116673 0.0228901 0.0289631 0.0543125 -0.0109765 -0.0361334 0.0512062 0.0209821
6.87937 0.234293 -0.090387 0.749963 0.184087 0.0464932 -0.106544 0.0206182 0.0215258 0.0648522 -0.0066578 -0.0962948 -0.0309168 -0.0288992
7.04686 0.235197 -0.0803919 0.748037 0.176656 0.0471387 -0.100889 0.0183695 0.00539678 0.0596737 -0.0114983 -0.0338595 -0.111875 -0.0379895
7.20801 0.235187 -0.0736808 0.745198 0.16979 0.0459673 -0.100458 0.0172792 -5.96782e-05 0.0416451 -0.0176203 -0.0233892 -0.215697 0.0122373
7.34076 0.234767 -0.0719535 0.743074 0.164335 0.0475973 -0.0769086 0.0153965 -0.00316462 0.0130111 -0.0159958 0.061399 0.452148 0.00595189
7.53999 0.236574 -0.051414 0.740123 0.156475 0.0396209 -0.0701196 0.0085394 0.00906804 0.103094 -0.01481 -0.196537 -0.10644 -0.113949
7.75294 0.229593 -0.0342872 0.731803 0.148488 0.0311302 -0.084646 0.000514154 -0.0327842 0.0804274 -0.0390752 -0.103762 -0.873467 -0.0610137
7.81062 0.227357 -0.0325541 0.729346 0.146396 0.0318252 -0.0496708 0.00147558 -0.0387691 0.0300468 -0.0425944 -0.00250369 0.141126 0.0353045
8.00904 0.219565 -0.0210358 0.722284 0.139422 0.0224389 -0.0419653 -0.0047438 -0.0392659 0.0580495 -0.0355892 -0.0150048 -0.00641807 0.0297735
8.41092 0.201362 0.00125613 0.71279 0.126298 0.00119875 -0.0242757 -0.0107047 -0.0452959 0.0554702 -0.0236241 -0.0273118 -0.0833036 0.0742993
8.64406 0.189317 0.00966071 0.711321 0.119258 -0.00336969 -0.0202213 -0.0158674 -0.0516636 0.0360481 -0.00630127 0.216788 -0.131703 -0.0771375
8.70863 0.186885 0.0114391 0.710593 0.117379 -0.0118303 -0.0181845 -0.0140544 -0.0376666 0.0275447 -0.0112817 0.0301174 -0.0987779 -0.00040301
8.87615 0.18142 0.0132814 0.708691 0.11264 -0.018949 -0.0143506 -0.0156559 -0.0326213 0.0109972 -0.0113492 -0.00646432 0.008348 8.89555e-05
9.17709 0.171018 0.017347 0.705284 0.104602 -0.0414445 -0.0130893 -0.0160941 -0.0345667 0.0135095 -0.0113224 -0.29149 -0.0481302 0.0663143
9.34391 0.15714 0.0182613 0.705241 0.100396 -0.0437305 -0.0128176 -0.018013 -0.0831905 0.00548087 -0.000260424 0.151697 -0.0333352 -0.0170142
9.64405 0.145837 0.0169034 0.70363 0.0932505 -0.0584344 -0.0138772 -0.0179998 -0.0376601 -0.00452435 -0.00536708 -0.0182771 0.0202484 0.0269919
9.7841 0.140204 0.0166669 0.703407 0.0900923 -0.0789388 -0.0164768 -0.0170671 -0.0402199 -0.00168838 -0.00158662 -0.396272 -0.0400479 0.0436914
9.9127 0.128478 0.0157875 0.703926 0.0872868 -0.0748911 -0.0167569 -0.0177148 -0.0911797 -0.00683846 0.00403201 0.158394 -0.00321251 -0.00542236
10.2442 0.115659 0.0131673 0.704667 0.0804506 -0.0873335 -0.0194912 -0.0154385 -0.0386686 -0.00790348 0.00223437 0.0713587 0.0170557 0.0288162
10.3768 0.111787 0.0124193 0.705469 0.0778696 -0.102849 -0.0207127 -0.0159141 -0.0292099 -0.00564272 0.00605399 -0.251541 0.00684941 -0.0186247
10.5156 0.102886 0.0117681 0.705951 0.0752555 -0.102945 -0.020738 -0.0147815 -0.0641254 -0.00469198 0.00346877 0.0778776 0.0292388 0.000708887
10.6775 0.0945448 0.0117749 0.706531 0.0723168 -0.118684 -0.0201453 -0.0152898 -0.0515155 4.23346e-05 0.00358355 -0.137637 0.0425056 -0.0333984
10.8122 0.0851054 0.0125522 0.706407 0.0699592 -0.124026 -0.0209341 -0.0149516 -0.0700598 0.00576924 -0.000916311 0.0258789 -0.00584194 -0.0141362
11.1798 0.0628491 0.0138836 0.704161 0.0639105 -0.126022 -0.0176864 -0.020833 -0.060547 0.00362182 -0.0061126 0.569358 0.0688537 -0.108592
11.2488 0.0613817 0.014461 0.703222 0.0628352 -0.147899 -0.0190949 -0.0186163 -0.0212751 0.00837107 -0.0136028 -0.0651177 0.00773217 -0.00817302
11.38 0.0574681 0.0156927 0.701296 0.060839 -0.15482 -0.0173461 -0.0180616 -0.0298208 0.0093858 -0.0146754 -0.116756 0.0251847 0.0574135
11.6156 0.0439681 0.0193003 0.701025 0.0574142 -0.166368 -0.0150677 -0.0186574 -0.0573195 0.0153174 -0.0011532 0.0152811 -0.0140833 0.010903
12.1531 0.0175707 0.0234647 0.703556 0.0503021 -0.178239 -0.0126448 -0.0212239 -0.0491047 0.0077466 0.00470795 0.413128 -0.0208992 -0.150764
12.2512 0.0167275 0.0240233 0.702568 0.0491034 -0.193651 -0.00909887 -0.0172771 -0.00859995 0.00569756 -0.0100736 -0.0677947 0.0674281 0.0144057
12.6818 0.000455626 0.0389775 0.700901 0.0441682 -0.211572 0.00799714 -0.0183202 -0.0377908 0.0347306 -0.00387078 -0.0216654 0.0702709 0.00825023
12.9504 -0.0112606 0.0533796 0.700457 0.0413435 -0.252175 0.0547432 -0.00464643 -0.0436113 0.0536089 -0.00165435 -0.767594 0.897645 0.37547
13.0122 -0.0168922 0.0601267 0.70179 0.0407194 -0.198974 0.0222031 -0.0242837 -0.0910755 0.109115 0.0215628 0.919784 -0.282401 -0.24112
13.1138 -0.0166576 0.0682941 0.701494 0.0397149 -0.219922 0.0298004 -0.01781 0.00231101 0.0804424 -0.00291832 0.135057 -0.226078 -0.00343797
13.2831 -0.0123956 0.075433 0.700901 0.0380949 -0.217874 0.0430615 -0.0183455 0.0251753 0.0421687 -0.00350035 0.0280316 0.0337996 -0.00314546
13.7482 0.00537891 0.10236 0.698593 0.0339761 -0.202178 0.0648325 -0.0211394 0.0382137 0.05789 -0.00496341 -0.0415584 -0.128944 -0.0192816
13.9834 0.0120685 0.108842 0.696358 0.0320657 -0.193245 0.0727569 -0.0258888 0.0284376 0.0275574 -0.00949917 0.0496298 -0.0121673 -0.0787095
14.116 0.0167099 0.112281 0.693716 0.031037 -0.183169 0.0829786 -0.0293795 0.035016 0.0259447 -0.019932 0.183346 0.175977 -0.0781214
14.28 0.0273845 0.12127 0.688346 0.0298097 -0.178943 0.0853833 -0.0313929 0.0650862 0.0548064 -0.0327446 -0.0556509 -0.065099 0.040163
14.6162 0.0429765 0.132338 0.681877 0.0274434 -0.15906 0.099203 -0.0378034 0.0463757 0.0329193 -0.0192413 0.113454 0.0678792 0.00563962
14.9158 0.0670599 0.148297 0.676617 0.0254932 -0.123285 0.0870637 -0.0337019 0.0803721 0.0532592 -0.0175514 0.352624 -0.725276 0.248464
14.9489 0.0700984 0.149264 0.676309 0.0252869 -0.133914 0.105191 -0.0407617 0.0920162 0.0293097 -0.00934687 -0.0393951 -0.209108 0.048211
15.084 0.0818128 0.149407 0.675926 0.0244602 -0.12309 0.111215 -0.0428128 0.0866929 0.00105382 -0.00283231 -0.0470272 0.017996 -0.0132539
15.6481 0.115751 0.155727 0.670111 0.0212909 0.0407291 -0.0114058 -0.0327467 0.0601659 0.011205 -0.0103085 3.49852 -3.44058 0.423646
15.6838 0.122372 0.151732 0.670284 0.0211045 -0.0860297 0.1135 -0.0479137 0.185224 -0.111782 0.00483514 -0.361972 0.29668 -0.0225533
15.9839 0.145358 0.144906 0.669704 0.0196025 -0.0632909 0.102872 -0.047284 0.0765916 -0.0227445 -0.0019334 -0.102832 -0.0129953 0.0235011
16.3164 0.159456 0.135908 0.671658 0.0180632 -0.0421048 0.0810883 -0.0412737 0.0424061 -0.0270646 0.00587934 0.174548 -0.339523 0.110673
16.4659 0.169701 0.124268 0.675012 0.0174108 -0.0375588 0.0816759 -0.0419355 0.0685082 -0.0778372 0.0224295 -0.0373158 0.110342 -0.0371866
16.7853 0.187774 0.110664 0.678383 0.0160952 -0.0201301 0.0650945 -0.0368145 0.0565903 -0.0425963 0.0105529 -0.0206173 -0.0493668 0.0358142
17.218 0.208401 0.0829899 0.689654 0.01447 -0.00593572 0.0356188 -0.0153109 0.0476692 -0.0639572 0.0260496 -0.164363 -0.0415158 0.269454
17.321 0.211568 0.0759584 0.6952 0.0141078 -0.0206331 -0.274874 0.00147348 0.0307319 -0.0682354 0.0538163 -0.599544 -8.13547 0.502713
17.3523 0.211943 0.0658969 0.69737 0.0139998 -0.00259873 0.0659666 -0.0194638 0.0120124 -0.322247 0.0695124 -0.0827052 1.84408 -0.152152
17.4853 0.212077 0.0556685 0.703926 0.013549 -0.00143826 0.0144374 -0.0121022 0.00100744 -0.0768689 0.0492666 -0.0271306 0.156124 -0.082988
17.657 0.21145 0.0470738 0.709938 0.0129887 0.000758713 0.0129498 -0.0082167 -0.00364966 -0.0500695 0.0350213 0.0617304 0.28363 -0.106649
17.822 0.212529 0.0465341 0.712813 0.0124721 -0.000452634 0.00458773 -0.00416454 0.00653581 -0.00327087 0.0174243 -0.0216184 -0.0355318 -0.0340057
18.093 0.212712 0.0430373 0.715037 0.0116676 -3.14652e-05 0.0024454 -0.00198541 0.000676291 -0.0129015 0.00820732 0.00206806 0.0260986 -0.0145019
18.6113 0.213618 0.0433616 0.715395 0.0102708 0.0140721 0.00141421 -0.00237077 0.00174819 0.000625801 0.00069075 0.357795 -0.0381795 -0.0186626
18.6749 0.215173 0.0432473 0.715364 0.0101116 -0.0249179 -0.0237037 0.019634 0.0244757 -0.0017994 -0.000494716 -0.778769 -0.699734 0.572486
