t x y z s fx fy fz dx dy dz ddx ddy ddz
0 0.0115143 -0.250481 1.10858 1 0.0668652 -0.0218159 -0.0537289 0 0 0 1.76308 -0.575234 -1.4167
0.0341722 0.0135731 -0.251152 1.10693 0.991735 -0.00679778 -0.00196149 -0.00582838 0.0602482 -0.019657 -0.0484119 -0.2982 0.0900553 -0.0330791
0.241884 0.0132217 -0.25135 1.09544 0.942949 -0.0246919 -0.0173641 0.0021226 -0.00169147 -0.000951436 -0.0552828 -0.157687 0.103716 0.275993
0.366326 0.0105693 -0.249862 1.09284 0.914878 -0.02984 -0.0298169 -0.00235811 -0.0213144 0.0119552 -0.0209376 0.0857365 -0.030376 0.0192196
0.56625 0.00973492 -0.248686 1.08942 0.87152 -0.0479975 -0.0441768 0.00184466 -0.00417359 0.00588226 -0.0170952 -0.00530501 -0.0180368 0.0159612
0.934764 0.00747646 -0.248968 1.08529 0.796911 -0.0747767 -0.0711229 0.0113688 -0.00612855 -0.000764546 -0.0112133 0.0516367 -0.0039571 0.0264071
1.23658 0.0103304 -0.249559 1.08431 0.74059 -0.0961465 -0.0913786 0.0223177 0.00945597 -0.00195884 -0.0032433 -0.0962585 0.0098963 0.0686499
1.37005 0.00987764 -0.249644 1.0851 0.716968 -0.102746 -0.0985295 0.0217633 -0.00339202 -0.000637948 0.00591966 -0.00677085 0.0425611 -0.0947186
1.5023 0.00931062 -0.248984 1.08423 0.694307 -0.116292 -0.0961369 0.0212747 -0.00428746 0.00499076 -0.00660689 -0.134609 0.288037 -0.157005
1.56704 0.00846889 -0.247454 1.08314 0.683476 -0.115349 -0.110651 0.0281224 -0.013002 0.023638 -0.0167713 0.0344733 -0.0771639 0.0274108
1.86654 0.0076671 -0.247296 1.08058 0.635528 -0.133005 -0.127111 0.0336473 -0.00267706 0.000527096 -0.00856162 0.0148582 -0.0100079 0.00555335
2.16657 0.0082014 -0.248039 1.07851 0.590868 -0.148763 -0.143586 0.0394176 0.00178084 -0.00247557 -0.00689545 -0.00691388 0.00213704 0.00733622
2.53433 0.00792123 -0.24866 1.07696 0.540384 -0.16911 -0.162854 0.0452039 -0.00076183 -0.00168965 -0.00419746 -0.0571275 -0.0167043 -0.0329523
2.67067 0.00675556 -0.249201 1.07578 0.522785 -0.172246 -0.172431 0.0479373 -0.00855019 -0.00396699 -0.00868994 0.0741397 -0.0841486 0.00175465
2.9733 0.0109581 -0.258108 1.07331 0.485741 -0.180088 -0.197591 0.05086 0.0138867 -0.0294329 -0.00815893 0.0506614 -0.104328 -0.0240421
3.60257 0.0397574 -0.317941 1.05865 0.416903 -0.159735 -0.267982 0.0452153 0.0457663 -0.0950831 -0.0232879 0.397587 0.419306 -0.0605969
3.64111 0.0421121 -0.320983 1.05767 0.413019 -0.186146 -0.262955 0.0425409 0.0610913 -0.0789209 -0.0256236 -0.360655 0.630471 -0.117045
3.70215 0.0444973 -0.323451 1.05567 0.406942 -0.165162 -0.293091 0.0437646 0.0390783 -0.0404395 -0.0327675 0.238594 -0.132657 -0.0425442
3.97261 0.0725192 -0.344092 1.04369 0.381072 -0.157132 -0.31224 0.0378834 0.103608 -0.076318 -0.044274 -0.198407 0.234512 0.028829
4.23834 0.0860411 -0.347813 1.03396 0.357256 -0.143372 -0.329404 0.0342152 0.0508848 -0.0139999 -0.0366132 0.155319 -0.0430186 0.0634014
4.33978 0.0928013 -0.349675 1.0309 0.348562 -0.137459 -0.334752 0.0291237 0.0666407 -0.0183638 -0.0301816 0.177257 -0.0428734 -0.0444128
4.67676 0.135386 -0.360732 1.01569 0.321173 -0.112534 -0.348186 0.0183514 0.126372 -0.0328111 -0.0451477 -0.172684 0.186015 -0.0152711
4.90277 0.155126 -0.358646 1.0047 0.30402 -0.0881549 -0.35286 0.0108892 0.087344 0.00923006 -0.0485991 0.202337 0.0699036 0.00853022
5.17541 0.193981 -0.350933 0.992088 0.284542 -0.0605999 -0.348406 -0.00194901 0.14251 0.0282889 -0.0462734 -0.0432524 0.122159 -0.0904682
5.47062 0.232282 -0.331936 0.970543 0.264856 -0.050052 -0.334261 -0.0157324 0.129742 0.0643511 -0.0729802 -0.560515 0.0942748 0.088561
5.54192 0.238683 -0.326869 0.96579 0.26031 0.0268235 -0.310118 -0.00288799 0.0897787 0.0710726 -0.0666661 1.43457 0.624152 0.517214
5.60677 0.250537 -0.319636 0.963642 0.256242 -0.0221233 -0.328053 -0.0268345 0.182806 0.111547 -0.0331264 -0.34991 -0.0967017 -0.154964
5.8701 0.274412 -0.296967 0.944173 0.240368 -0.0101886 -0.319192 -0.0347528 0.090663 0.0860821 -0.0739334 -0.298727 -0.251464 0.174405
5.97054 0.280504 -0.290858 0.938506 0.234576 0.00365438 -0.305969 -0.0417624 0.0606571 0.0608235 -0.0564152 0.0306537 0.050142 0.0716119
6.6076 0.331587 -0.23176 0.93163 0.200952 0.0337327 -0.257795 -0.0392786 0.0801853 0.0927669 -0.0107942 -0.254272 0.00290308 0.0595075
6.7605 0.337903 -0.217508 0.93137 0.193627 0.0425733 -0.251155 -0.0401963 0.0413076 0.0932108 -0.00169563 -0.0273953 -0.129982 -0.0122749
7.07691 0.34823 -0.201028 0.929605 0.179306 0.0559215 -0.18582 -0.0303954 0.0326394 0.052083 -0.00557954 0.20685 1.38987 0.237408
7.13792 0.350991 -0.192678 0.930148 0.176669 0.047133 -0.22774 -0.0375168 0.0452588 0.136875 0.00890405 -0.102747 -0.11082 -0.0107148
7.44098 0.355271 -0.161375 0.931863 0.164133 0.0482518 -0.200211 -0.0324719 0.0141207 0.10329 0.00565685 0.00477745 -0.0132696 0.028346
7.63927 0.358259 -0.141415 0.934099 0.156416 0.0515346 -0.168678 -0.0258014 0.0150681 0.100659 0.0112776 0.0826072 0.370648 0.0972827
7.80954 0.363219 -0.11353 0.93884 0.15008 0.0465499 -0.174296 -0.0264363 0.0291337 0.16377 0.0278422 -0.15345 -0.602028 -0.11204
7.97967 0.363734 -0.103093 0.940333 0.144005 0.0451736 -0.152512 -0.0211664 0.00302662 0.0613448 0.00878032 -0.0848435 -0.00415482 0.0051427
8.27461 0.357246 -0.0853613 0.94337 0.134051 0.0368132 -0.142247 -0.016939 -0.0219972 0.0601194 0.0102971 0.0180424 -0.104549 -0.0118456
8.50698 0.353109 -0.0770367 0.945124 0.126696 0.0272297 -0.133691 -0.0110568 -0.0178048 0.0358261 0.00754464 -0.0665553 0.0279874 0.0704195
8.6513 0.349153 -0.0712833 0.947679 0.122333 0.0254514 -0.132341 -0.0115291 -0.0274101 0.0398653 0.0177076 0.0543894 -0.0566145 -0.0530228
8.74549 0.347054 -0.0680304 0.948877 0.119566 0.0249671 -0.13468 -0.00746774 -0.0222867 0.0345323 0.0127129 0.11081 -0.165448 0.0218167
8.87968 0.346059 -0.0663757 0.950975 0.115732 -0.00330011 -0.105007 -0.00362914 -0.00741738 0.0123312 0.0156405 -0.607443 0.661709 0.0435349
9.04219 0.328812 -0.0468973 0.954667 0.111254 -0.00247216 -0.114772 0.000615784 -0.10613 0.119863 0.0227152 0.143903 -0.32085 0.0212916
9.21399 0.314826 -0.0357749 0.959198 0.106707 -0.0209873 -0.102408 0.00418242 -0.0814081 0.0647411 0.026373 0.00875642 -0.115388 -0.0332195
9.64943 0.281037 -0.0294628 0.964383 0.0959993 -0.0605536 -0.097832 0.0092155 -0.0775951 0.0144956 0.0119077 -0.0522723 0.0580257 -0.0513062
10.0425 0.242459 -0.0147989 0.961136 0.0872588 -0.13053 -0.0887414 0.0413672 -0.0981427 0.0373046 -0.00826004 -0.749822 -0.0605415 0.8903
10.0746 0.238546 -0.013666 0.961785 0.0865826 -0.0703926 -0.101222 -0.00106751 -0.122162 0.0353652 0.0202599 1.00202 -0.408556 -0.316022
10.1589 0.235368 -0.0135881 0.961247 0.084828 -0.114246 -0.0859232 0.0089262 -0.0376918 0.000923961 -0.00638075 -0.253289 0.0904969 0.0166052
10.514 0.190044 -0.00184824 0.961075 0.077819 -0.153134 -0.0765784 0.00670304 -0.127636 0.03306 -0.000484117 0.194224 0.0174534 -0.0829311
10.657 0.175759 0.00323826 0.959309 0.0751619 -0.176034 -0.0678144 0.00946 -0.0998522 0.0355568 -0.0123476 -0.073611 0.133515 0.0523593
10.9786 0.136033 0.0284829 0.960753 0.0695149 -0.207634 -0.0492028 0.012167 -0.123526 0.0784959 0.00449137 0.249396 -0.0895562 0.0205223
11.1951 0.120979 0.0412799 0.962688 0.0659543 -0.223905 -0.0384952 0.00673601 -0.0695296 0.0591062 0.00893461 0.123322 -0.0654422 -0.200189
11.3103 0.114608 0.0472185 0.961062 0.0641353 -0.235878 -0.0207624 0.0135114 -0.0553285 0.0515702 -0.0141181 -0.0408308 0.280418 0.0675119
11.4788 0.104123 0.0638758 0.9606 0.0615632 -0.245827 -0.00744281 0.0131315 -0.0622102 0.0988322 -0.00273957 0.0136197 0.105132 0.0312576
11.6782 0.0922611 0.0877595 0.961296 0.0586534 -0.250874 0.0195535 0.0159243 -0.0594947 0.119793 0.00349241 0.21415 0.16513 0.0587463
11.8163 0.0881291 0.107461 0.9629 0.0567182 -0.24668 -0.010844 0.00985625 -0.0299097 0.142606 0.0116083 0.382041 -1.19146 -0.17139
11.9131 0.0888111 0.110106 0.962419 0.0554011 -0.263749 0.0459078 0.014874 0.00705042 0.0273392 -0.00497268 -0.160846 0.519439 0.0067793
12.0464 0.0868932 0.122978 0.961877 0.0536365 -0.256291 0.0447004 0.0140557 -0.014389 0.0965762 -0.00406905 0.153489 0.00147801 -0.0105697
12.2476 0.0902136 0.142473 0.96063 0.0510781 -0.252154 0.0624584 0.0141412 0.0164995 0.0968737 -0.00619611 0.126127 -0.0209721 0.0180667
12.4787 0.100759 0.163737 0.960163 0.0482909 -0.24439 0.0799596 0.0134858 0.0456416 0.092028 -0.00202172 0.0101712 -0.0825406 -0.00928831
12.9876 0.126619 0.189193 0.956728 0.042677 -0.22041 0.105979 0.0124994 0.0508175 0.0500247 -0.00674836 0.000970212 0.0841331 0.0411361
13.078 0.131223 0.194406 0.956455 0.0417498 -0.213385 0.108788 0.00981257 0.0509052 0.0576339 -0.00302792 0.0732878 0.0115277 -0.035436
13.4147 0.156672 0.215118 0.951418 0.0384718 -0.180573 0.114988 0.00788005 0.0755814 0.0615153 -0.0149593 0.239957 -0.349442 0.0598035
13.4783 0.162447 0.217617 0.950708 0.0378823 0.0286894 0.181406 -0.0428737 0.0908386 0.0392967 -0.0111568 5.57497 1.39391 -1.27137
13.5146 0.173083 0.220878 0.94863 0.03755 -0.195758 0.121855 0.00937421 0.293126 0.0898747 -0.0572884 -1.09759 -0.378455 0.268397
13.6817 0.191418 0.225329 0.946551 0.0360567 -0.157406 0.135339 0.00827584 0.109729 0.0266383 -0.0124418 -0.123272 0.0228809 0.181765
13.9141 0.210261 0.232755 0.953476 0.0340781 -0.117203 0.135566 -0.0097805 0.0810811 0.0319557 0.0298 0.526027 -0.16088 -0.585474
14.1171 0.248411 0.232611 0.93539 0.0324384 -0.115574 0.143188 0.0131537 0.187888 -0.000709982 -0.0890771 -0.673457 0.136355 0.769129
14.2243 0.260814 0.234102 0.93468 0.0316047 -0.0905175 0.139307 -0.00934826 0.115686 0.0139086 -0.00661881 -0.161722 -0.0319283 -0.003707
14.5158 0.280794 0.235444 0.932436 0.029445 -0.0665406 0.14022 -0.0121189 0.0685494 0.00460253 -0.00769929 0.075065 -0.000982756 -0.0247633
14.7896 0.305194 0.236631 0.928471 0.0275505 -0.0510706 0.141823 -0.0146995 0.0891051 0.00433341 -0.0144805 -0.191142 0.0284264 0.0192155
14.9464 0.314464 0.238008 0.926673 0.0265215 -0.0331594 0.135935 -0.0184216 0.0591474 0.00878869 -0.0114688 0.116991 -0.163961 -0.0432633
15.2835 0.347703 0.222334 0.917889 0.0244365 -0.0064131 0.122488 -0.021965 0.0985903 -0.0464898 -0.0260548 -0.127701 0.044709 0.119941
15.4826 0.36227 0.214851 0.917456 0.0232831 0.00657423 0.112467 -0.0245246 0.0731666 -0.0375887 -0.00217586 -0.09858 -0.0323281 0.00236437
15.6504 0.371772 0.207632 0.917157 0.0223533 0.0128711 0.0921865 -0.023355 0.0566234 -0.0430139 -0.00177908 -0.135372 -0.355217 0.0359557
15.7519 0.376126 0.199602 0.917347 0.0218088 0.0195121 0.0949125 -0.0218468 0.0428774 -0.0790834 0.00187193 -0.037547 0.0185866 0.0596498
16.1501 0.387245 0.171064 0.927547 0.019799 0.0244567 0.0699128 -0.0165529 0.0279292 -0.0716837 0.0256197 -0.146276 0.113347 -0.134753
16.3168 0.387834 0.162261 0.928071 0.0190131 0.0260951 0.0639085 -0.0148175 0.00353281 -0.0527793 0.00314514 -0.053712 0.149938 -0.0533603
16.4506 0.387346 0.157884 0.927537 0.0184053 0.0300013 0.0485179 -0.0129243 -0.00365219 -0.0327223 -0.00399281 0.0848036 -0.182046 0.0247405
16.5826 0.38834 0.150398 0.927441 0.0178249 0.0272534 0.0469249 -0.0127503 0.00753637 -0.0567406 -0.000728662 -0.0348191 0.0354412 0.021555
17.0519 0.384206 0.131573 0.931849 0.0159045 0.0425009 -0.036648 -0.00286955 -0.00880766 -0.0401045 0.00938925 0.532768 -1.69299 0.133371
17.1185 0.38598 0.121401 0.933065 0.0156495 0.0210022 0.0211671 -0.00750831 0.0266576 -0.152803 0.0182675 -0.162145 0.367855 -0.0430922
17.4502 0.376981 0.111192 0.934382 0.0144382 0.0143861 0.0118256 -0.0083234 -0.0271303 -0.0307758 0.00397265 0.0389095 0.114332 -0.0710709
17.619 0.37351 0.109254 0.933028 0.0138582 0.0126194 0.010613 -0.00574522 -0.0205622 -0.011476 -0.00802448 0.0737904 0.0933738 0.0583107
17.7826 0.37212 0.109876 0.933275 0.0133185 0.0097217 0.00698318 -0.00593294 -0.00849211 0.00379746 0.00151357 0.0106019 -0.0496609 0.0219096
18.0516 0.370603 0.107304 0.935268 0.0124763 0.00810565 0.00537042 -0.00491273 -0.00564043 -0.00956016 0.00740674 0.00915763 0.0150389 -0.0214093
18.3864 0.369741 0.105789 0.935348 0.0115021 0.00714294 0.00410728 -0.00451354 -0.00257478 -0.00452568 0.000239641 0.00839614 0.018967 -0.000480224
18.5605 0.369548 0.105576 0.935375 0.0110257 0.006527 0.0032342 -0.00472599 -0.00111233 -0.001222 0.000155995 -0.00172241 -0.0017541 -0.00874529
18.7882 0.369205 0.105207 0.934957 0.0104326 0.003298 0.00414768 -0.000818268 -0.0015045 -0.00162139 -0.00183521 -0.0713503 0.0385849 0.107337
