t x y z s fx fy fz dx dy dz ddx ddy ddz
0 0.190861 0.0695721 0.744 1 -0.00019261 -0.000629189 0.00248412 0 0 0 -0.00442597 -0.0144581 0.0570823
0.335358 0.190363 0.0679461 0.75042 0.931484 0.0217065 0.0142428 -0.0348325 -0.00148428 -0.00484862 0.019143 0.22494 0.365109 -1.09988
0.367452 0.190547 0.0681665 0.749901 0.925178 0.0140366 -0.00155895 0.014476 0.00573492 0.00686916 -0.0161564 0.00309019 -0.0280218 0.107282
0.535199 0.191596 0.0685303 0.75021 0.892908 0.0154964 -0.00394369 0.0137933 0.00625329 0.00216859 0.00183992 -0.124337 -0.0859949 -0.00551781
0.671136 0.190148 0.067236 0.750358 0.867585 0.022175 -0.00236756 0.0154409 -0.0106487 -0.0095213 0.00108985 -0.00943676 0.00047775 -0.0111389
1.06948 0.184409 0.0635191 0.749025 0.797441 0.0297726 -0.00478476 0.0203914 -0.0144077 -0.009331 -0.00334722 0.00956004 0.0202224 0.0270996
1.33549 0.181253 0.0624679 0.750052 0.753785 0.0366126 -0.00806424 0.022224 -0.0118646 -0.00395155 0.00386166 0.050316 -0.0480937 -0.0409545
1.44662 0.180556 0.0614348 0.749975 0.736263 0.0304297 -0.0107587 0.0229239 -0.00627296 -0.00929625 -0.000689646 -0.160974 -0.0777156 -0.0425524
1.64294 0.173121 0.0566148 0.7482 0.7063 0.0236906 -0.016231 0.0193928 -0.0378743 -0.0245528 -0.00904325 -0.206127 -0.0655031 -0.114971
1.9789 0.137131 0.0409727 0.732185 0.657823 -0.00477007 -0.0281885 0.015321 -0.107125 -0.0465593 -0.0476688 -0.0947963 0.0576673 0.159185
2.06885 0.126727 0.037251 0.729185 0.645417 -0.00699562 -0.0289575 0.00320726 -0.115652 -0.0413716 -0.0333489 0.0584504 0.113136 -0.100058
2.16742 0.115895 0.0342723 0.724926 0.632092 -0.0152837 -0.034368 0.00483768 -0.109891 -0.0302201 -0.0432114 0.0489841 0.0324874 0.0336523
2.53616 0.0820347 0.0275462 0.713568 0.584639 -0.031621 -0.0368104 0.00216521 -0.0918288 -0.0182408 -0.0308026 0.214828 0.0997171 0.129748
2.67198 0.0735253 0.0269083 0.711778 0.568072 -0.0464631 -0.0402476 -0.00531511 -0.06265 -0.00469683 -0.0131797 -0.0603816 0.00525895 -0.0644528
2.83652 0.0615821 0.0262779 0.707864 0.54863 -0.0971913 -0.031648 -0.0223791 -0.0725853 -0.00383151 -0.0237848 -1.01301 0.212879 -0.37679
2.93554 0.0444627 0.0279856 0.701815 0.537253 -0.0664661 -0.0380682 -0.00920863 -0.172892 0.0172473 -0.0610938 0.244677 -0.018794 0.122844
3.23559 0.0146148 0.0314687 0.694543 0.504196 -0.0914815 -0.029635 -0.0186094 -0.0994773 0.0116083 -0.0242348 0.0657199 0.101959 -0.0561631
3.37218 0.00225342 0.0349564 0.690185 0.48983 -0.341784 0.0530676 -0.0588085 -0.0905007 0.0255348 -0.0319061 -5.4808 1.89161 -0.887593
3.40385 -0.00611251 0.0376632 0.688284 0.486557 -0.0757889 -0.0375407 -0.0141223 -0.26411 0.0854532 -0.0600214 1.16674 -0.376269 0.235339
3.57113 -0.0176446 0.041429 0.684829 0.469632 -0.112837 -0.0249382 -0.0214558 -0.0689395 0.0225117 -0.0206543 0.108065 -0.0461947 0.037491
3.67133 -0.0234673 0.0432208 0.683136 0.459778 -0.1197 -0.0205825 -0.0237817 -0.0581113 0.017883 -0.0168977 0.0204279 0.0208657 -0.00096636
4.20381 -0.0486183 0.0586592 0.673864 0.410776 -0.0893258 -0.0327977 -0.0103638 -0.047234 0.0289935 -0.0174123 1.06776 -0.644213 0.440942
4.23936 -0.048948 0.0588757 0.673802 0.407697 -0.131612 -0.00595273 -0.0287082 -0.00927402 0.00609107 -0.00173635 0.0126727 0.0143221 -0.0164517
4.53922 -0.0505894 0.06199 0.671803 0.382627 -0.119493 -0.00984053 -0.0258187 -0.00547391 0.0103858 -0.00666964 0.215558 -0.158883 0.0648405
4.87293 -0.0284114 0.0477624 0.676798 0.356535 -0.0812239 -0.0233281 -0.0101671 0.0664594 -0.0426349 0.0149682 0.327664 -0.0365241 0.222365
5.03932 -0.00828142 0.0396572 0.685444 0.344198 -0.0454569 -0.0289108 -0.000821546 0.12098 -0.0487122 0.0519678 0.523011 0.0322213 0.142099
5.27173 0.0480852 0.0300764 0.705198 0.327678 -0.0240485 0.00266394 0.00541986 0.242532 -0.0412237 0.0849928 -0.599641 0.960244 -0.26341
5.30788 0.0560695 0.0298411 0.707926 0.32518 0.00240259 -0.0324089 0.018202 0.220854 -0.00650886 0.07547 -0.141251 0.0880207 -0.0169192
5.63921 0.113739 0.0373475 0.731074 0.303158 0.0595513 -0.012184 0.0446862 0.174053 0.0226551 0.0698641 -0.149697 0.317285 0.0350708
5.70772 0.12496 0.0403884 0.736025 0.298795 0.0600392 -0.0243842 0.040703 0.163798 0.0443907 0.0722666 -0.393618 -0.0782182 -0.182327
5.90727 0.141972 0.046132 0.743185 0.286438 0.0588893 -0.0276671 0.0452872 0.0852496 0.0287818 0.0358823 -0.701517 -0.255271 -0.187056
5.97132 0.144554 0.0469283 0.744716 0.282581 0.089415 -0.0162817 0.0543599 0.0403187 0.0124322 0.0239017 0.0167038 0.0211244 0.00453288
6.17185 0.153311 0.0502708 0.749691 0.270839 0.10067 -0.0125199 0.0604264 0.0436684 0.0166683 0.0248107 0.017816 0.0204231 0.00844236
6.60739 0.17571 0.0614045 0.762099 0.24699 0.117643 -0.00524783 0.070322 0.0514279 0.0255633 0.0284877 -0.223179 -0.0899034 -0.0960285
6.72543 0.17867 0.0631694 0.764123 0.240896 0.159205 0.0185736 0.0840969 0.0250831 0.0149508 0.0171521 0.692324 0.437899 0.187261
6.80745 0.185386 0.0673417 0.76679 0.23675 0.134853 0.00273454 0.0774506 0.0818689 0.0508681 0.0325117 -0.155721 -0.0963356 -0.0651225
7.41258 0.177905 0.0628472 0.762617 0.20829 0.107826 -0.0136544 0.0637797 -0.0123623 -0.00742729 -0.0068958 -0.530971 -0.253792 -0.249153
7.57513 0.161867 0.0549345 0.754914 0.201247 0.108425 -0.0110842 0.0618892 -0.098669 -0.0486799 -0.0473943 -0.000908327 0.0709026 -0.0439108
7.7753 0.142079 0.048031 0.743667 0.192899 0.0715527 -0.0161916 0.0444995 -0.0988508 -0.0344867 -0.0561843 -0.428254 0.081845 -0.180719
7.9437 0.113288 0.0445445 0.729081 0.186145 0.0756355 -0.0201741 0.0441709 -0.170968 -0.0207042 -0.0866169 0.446934 0.041186 0.198348
8.14745 0.0970078 0.0420358 0.719667 0.178288 0.0490494 -0.0188246 0.0307606 -0.0799033 -0.0123125 -0.0462029 -0.0101015 0.111504 0.0105442
8.27573 0.0865921 0.0422911 0.713914 0.173513 -0.00284015 -0.016525 0.00779043 -0.0811991 0.00199053 -0.0448503 -0.980557 0.12842 -0.395713
8.34357 0.07657 0.0430173 0.709049 0.17104 0.0240491 -0.0189194 0.0192475 -0.147724 0.0107031 -0.071697 -0.00605819 0.0384636 0.030443
8.61697 0.0357297 0.0488185 0.691723 0.161424 -0.00408283 -0.0133344 0.00449967 -0.14938 0.021219 -0.0633739 0.248902 0.0105483 0.0567852
8.9126 0.0133218 0.0560134 0.677951 0.151633 -0.0364456 -0.000160258 -0.00461313 -0.0757965 0.0243374 -0.0465863 -0.172286 0.140176 0.113266
9.01229 0.00405356 0.0598327 0.674432 0.148467 0.00298764 -0.0170899 -0.00150179 -0.0929715 0.0383114 -0.035295 0.968795 -0.36577 0.237203
9.07563 0.00205156 0.0607918 0.673148 0.14649 -0.0405607 -0.00108977 -0.0121419 -0.0316063 0.0151429 -0.0202702 -0.120337 0.0271988 -0.0119204
9.343 -0.0150008 0.0667847 0.666877 0.138431 -0.0518233 0.0044434 -0.0172373 -0.0637798 0.0224148 -0.0234572 0.0449164 0.000570872 0.0084133
9.62525 -0.0294245 0.0731569 0.660926 0.130404 -0.0646161 0.00825826 -0.0183991 -0.051102 0.022576 -0.0210826 0.022555 -0.0596371 0.100381
9.77554 -0.036595 0.0752028 0.660025 0.126322 -0.0639641 0.0100509 -0.0210494 -0.0477123 0.0136134 -0.00599684 0.178158 -0.0476011 0.0224764
10.0174 -0.0377146 0.0757112 0.659889 0.120019 -0.0647992 0.0099302 -0.0207629 -0.00463012 0.00210246 -0.000561582 0.0696282 -0.0392744 0.0106516
10.216 -0.0358876 0.0745795 0.660198 0.115079 -0.0600961 0.00826923 -0.0174581 0.00919902 -0.00569798 0.00155398 0.0865021 -0.0360895 0.0670317
10.4132 -0.030709 0.0720521 0.663111 0.110374 -0.0392832 0.00106337 -0.0109991 0.0262585 -0.0128154 0.0147736 0.3909 -0.12962 0.113599
10.6436 -0.00391483 0.0622209 0.672543 0.105122 -0.0101972 -0.00349498 -0.000269805 0.11631 -0.0426758 0.0409434 0.236379 0.052187 0.0809898
11.0116 0.0709041 0.0535835 0.69858 0.0972448 0.0285642 -0.00524618 0.0199057 0.203302 -0.02347 0.0707492 -0.804126 0.169858 -0.127906
11.1807 0.0822896 0.0544713 0.706886 0.0938264 0.591019 0.0190971 0.193677 0.0673362 0.00525043 0.0491222 12.1239 0.649336 3.71312
11.2124 0.0966024 0.05529 0.712173 0.0931991 -0.0237028 -0.0105621 0.00541087 0.451592 0.0258305 0.166806 -3.12301 -0.0933957 -0.977397
11.3433 0.102189 0.0570709 0.717257 0.0906518 0.109288 -0.00795254 0.0477427 0.0426668 0.0136014 0.0388267 0.634334 -0.0495746 0.137366
11.4516 0.114253 0.0579625 0.723074 0.0885973 0.0961417 -0.00404667 0.0470307 0.111377 0.00823157 0.0537058 -0.094845 0.0304409 -0.0466268
11.7793 0.140567 0.0639294 0.735667 0.0826606 0.119854 0.000301832 0.0588565 0.0802945 0.0182075 0.0384256 -0.11571 -0.0280738 -0.0425979
12.1113 0.154471 0.0668799 0.743728 0.0770521 0.140489 0.0060629 0.0718615 0.0418815 0.00888763 0.024284 0.0943135 0.0548871 0.0908396
12.2793 0.164166 0.0699213 0.75037 0.074361 0.142378 0.00572818 0.0721883 0.0577234 0.0181071 0.0395424 -0.128971 -0.0420156 -0.0900588
12.5837 0.169786 0.0715397 0.754062 0.0697209 0.159805 0.0181691 0.0794602 0.0184599 0.00531597 0.0121252 0.203505 0.232321 0.0409439
12.7117 0.175481 0.0760247 0.756284 0.0678579 0.144936 0.00359819 0.0763011 0.0445028 0.0350466 0.0173649 -0.330392 -0.266926 -0.0965451
12.8186 0.176464 0.0767213 0.757037 0.0663401 0.153254 0.0109468 0.0794942 0.00919051 0.0065175 0.00704613 -0.0956404 -0.0556446 -0.0217623
13.0158 0.174557 0.0758426 0.75758 0.0636283 0.146649 0.00833896 0.0744223 -0.00966985 -0.00445566 0.0027546 -0.176237 -0.0732031 -0.146427
13.3155 0.15582 0.0679283 0.745247 0.0597168 0.126348 -0.000408101 0.0658728 -0.0625022 -0.0264005 -0.0411413 -0.120061 -0.0477776 0.0243113
13.555 0.133972 0.0588682 0.73679 0.0567661 0.0359727 -0.0176208 0.0190344 -0.0912485 -0.0378399 -0.0353204 -1.64808 -0.212013 -0.874466
13.6271 0.118805 0.0550335 0.729688 0.0559057 -0.100751 -0.0446328 -0.0193664 -0.210179 -0.0531395 -0.0984246 -4.20049 -0.713277 -1.46538
13.6477 0.112721 0.0536423 0.72705 0.0556633 0.145095 0.00364638 0.0622322 -0.296394 -0.0677795 -0.128502 1.76474 0.458148 0.53169
13.747 0.100695 0.0514311 0.719531 0.0545049 0.0810574 -0.0119495 0.0395272 -0.121029 -0.0222524 -0.0756665 0.204286 0.0568534 0.0722395
13.9793 0.083604 0.0493298 0.705852 0.0518902 0.043591 -0.0116593 0.0235725 -0.0735762 -0.00904625 -0.0588864 -0.372457 0.0843024 -0.0188515
14.1926 0.0509568 0.0512366 0.692432 0.0495994 0.0250863 -0.0126176 0.0173094 -0.153034 0.00893823 -0.062908 0.106186 -0.0188163 0.150115
14.3506 0.0294314 0.052179 0.686241 0.0479685 0.0169389 -0.012205 0.0112744 -0.136259 0.00596575 -0.0391937 0.372258 -0.0251077 0.102294
14.6524 0.0222123 0.0516929 0.683728 0.0450006 0.0308979 -0.0114528 0.0199476 -0.0239228 -0.00161099 -0.0083246 0.615533 0.0185085 0.290996
14.6849 0.0220853 0.05166 0.683765 0.044692 -0.00135605 -0.00937731 0.00596067 -0.00390505 -0.00100908 0.00113885 -0.165148 0.0656744 -0.0512163
14.9485 0.00957814 0.0559583 0.680506 0.0422667 -0.00270346 -0.00146323 -0.00977036 -0.0474425 0.0163045 -0.0123632 0.170565 0.11284 -0.314039
14.9912 0.00786479 0.0568591 0.679407 0.0418868 -0.0101493 -0.00388462 0.00216048 -0.0401668 0.0211178 -0.0257588 0.0222869 0.0265547 0.0122748
15.2082 0.000197014 0.0626932 0.674395 0.0400063 -0.0158034 -0.00141051 -0.000698708 -0.0353298 0.026881 -0.0230947 0.0507026 -0.06276 0.053186
15.3878 -0.00451213 0.0654965 0.671963 0.0385145 -0.0182905 0.00177481 -0.00456846 -0.0262255 0.0156116 -0.0135445 0.0767725 -0.0310263 -0.00193005
15.5211 -0.00664372 0.0670261 0.670123 0.0374432 -0.0225057 0.00508459 -0.00649261 -0.0159931 0.0114764 -0.0138017 0.00335649 0.018231 -0.00510697
15.7836 -0.010611 0.0712955 0.666148 0.0354195 -0.0255287 0.00884584 -0.00563122 -0.015112 0.0162625 -0.0151424 0.0147282 -0.00356267 0.105465
15.9836 -0.013044 0.0744051 0.667338 0.0339518 -0.0182816 0.00455251 -0.00311797 -0.0121667 0.0155501 0.00594759 0.224934 -0.172412 0.0901282
16.1845 -0.00640456 0.0705668 0.672173 0.032538 0.0137368 -0.00158008 -0.00268122 0.0330376 -0.0190991 0.0240604 0.709255 -0.154115 -0.0504969
16.2837 0.00384015 0.067159 0.674062 0.0318624 -0.00467545 0.0030053 0.00214634 0.103346 -0.0343765 0.0190546 -0.096596 0.0608641 0.0262085
16.516 0.0226355 0.0624577 0.679903 0.0303337 0.0211074 -0.0033 0.0121425 0.0809058 -0.0202371 0.0251431 0.103657 -0.00526658 0.106661
16.7211 0.0435974 0.0580842 0.689551 0.0290448 0.0465897 -0.00963908 0.0214713 0.102172 -0.0213176 0.047026 0.158397 -0.0483901 0.0522349
16.9554 0.0762211 0.0504357 0.703432 0.02764 0.0714819 -0.0103213 0.0419671 0.139275 -0.0326524 0.0592615 -0.101433 0.134787 0.17677
17.1207 0.096475 0.0487215 0.718062 0.0266896 0.0918991 -0.0120698 0.045164 0.122505 -0.0103679 0.088487 -0.0672121 0.0880655 -0.14757
17.3227 0.118481 0.0502214 0.729916 0.0255724 0.113645 -0.00990337 0.0587036 0.108926 0.00742389 0.0586735 -0.0499968 0.0666605 -0.0493925
17.6923 0.151904 0.0620659 0.744852 0.0236488 0.132529 -0.00418011 0.0686721 0.0904523 0.0320552 0.0404229 -0.35419 -0.124889 -0.129198
17.8519 0.157317 0.0640002 0.748012 0.0228631 0.148375 0.0016007 0.0766316 0.0339039 0.0121159 0.0197956 -0.00153855 0.00436968 0.0221808
18.053 0.164071 0.0666128 0.752889 0.0219106 0.139257 -0.00663049 0.0627648 0.0335946 0.0129944 0.0242551 -0.369635 -0.246745 -0.419251
18.0967 0.164833 0.0667094 0.753148 0.0217089 0.156369 0.0047908 0.0816547 0.01744 0.00221064 0.00593218 0.0384134 0.0356192 0.0461869
18.4516 0.175865 0.0719826 0.761074 0.0201377 0.179372 0.0179592 0.0924757 0.0310761 0.0148548 0.0223277 0.27888 0.190838 0.0764332
18.553 0.181882 0.0754503 0.764123 0.0197102 0.178987 0.0177198 0.0931691 0.0593506 0.0342031 0.0300769 0.0718542 0.0658257 0.00566768
18.8196 0.202807 0.0892441 0.772543 0.018629 0.18659 0.021826 0.0959964 0.0785035 0.051749 0.0315877 -0.278203 -0.192997 -0.127723
19.0891 0.203754 0.0891706 0.771778 0.017596 0.130256 -0.0216398 0.0724505 0.00351477 -0.000272801 -0.00283973 -1.44469 -1.08332 -0.582132
19.1555 0.197623 0.0843798 0.769025 0.0173506 0.185459 0.0229518 0.0906468 -0.0923752 -0.0721776 -0.0414782 0.160762 0.199177 -0.0217283
19.2872 0.188246 0.0783288 0.763185 0.0168736 0.159283 0.00670151 0.0809069 -0.071203 -0.0459462 -0.0443398 -0.270779 -0.0891695 -0.106259
19.5882 0.142277 0.0564184 0.74021 0.0158322 0.0900134 -0.00402585 0.0424631 -0.152712 -0.0727877 -0.0763256 -0.643058 0.222825 -0.397678
19.7194 0.111178 0.0507045 0.723354 0.0153986 0.0921388 -0.012402 0.0457169 -0.23707 -0.0435571 -0.128494 0.291962 0.101512 0.170932
20.1198 0.0630624 0.0495375 0.699309 0.0141476 0.0513755 -0.0083095 0.0395904 -0.120177 -0.00291496 -0.0600578 0.215386 0.138666 0.439972
20.1999 0.0548172 0.0501939 0.697321 0.0139097 0.0308582 -0.00211147 0.0149139 -0.102923 0.00819368 -0.0248113 -0.103078 0.243142 -0.154225
20.3589 0.0358378 0.0576491 0.689472 0.0134493 0.0229606 -0.00545895 0.0134593 -0.119319 0.046869 -0.0493431 0.183331 -0.0846451 0.0423678
20.6878 0.0164257 0.0639081 0.677827 0.012545 0.0551089 0.00359745 0.0296091 -0.0590273 0.0190321 -0.0354098 1.24041 0.0367229 0.65094
20.725 0.0159453 0.0646662 0.67741 0.0124467 -0.0801817 0.00545416 0.00105591 -0.0129275 0.0203969 -0.0112176 -1.95254 0.0591499 -0.0454836
20.759 0.0132387 0.0654297 0.676975 0.0123573 0.00561176 0.0014554 0.00347969 -0.0794465 0.0224121 -0.0127671 0.217432 -0.0544362 0.0232445
21.0334 0.00780747 0.0674813 0.675222 0.0116603 -0.00179368 0.00376893 0.000813324 -0.0197981 0.00747854 -0.00639041 0.0465388 -0.017821 -0.0119931
21.1877 0.00586062 0.068211 0.673951 0.0112856 -0.00498332 0.00433216 0.0007288 -0.012617 0.00472871 -0.00824097 0.00164497 -0.0160455 0.0184725
21.6552 0.000320999 0.0669142 0.674136 0.0102223 0.0244656 -0.00939261 -0.00587749 -0.0118479 -0.00277354 0.000396065 0.799585 -0.286354 -0.157087
