t x y z s fx fy fz dx dy dz ddx ddy ddz
0 0.191448 0.0838434 0.672805 1 -0.00066874 -0.0588374 0.124982 0 0 0 -0.0158494 -1.39447 2.96212
0.029492 0.191435 0.0826305 0.675382 0.993583 0.00852504 0.0046308 0.00243276 -0.00046743 -0.0411256 0.0873589 0.174247 0.229974 -0.206556
0.329845 0.207013 0.0910247 0.682986 0.93053 0.0217718 0.00350124 0.0140478 0.0518681 0.0279478 0.0253193 -0.278069 -0.0999383 -0.156526
0.630218 0.197505 0.0904026 0.676469 0.871474 0.0340212 -0.000106966 0.0227717 -0.0316564 -0.002071 -0.0216969 0.146698 -0.0675259 0.139019
0.764459 0.195899 0.0889077 0.676062 0.846307 0.0312089 -0.00125952 0.0153195 -0.0119634 -0.0111357 -0.0030349 -0.0378289 -0.0233427 -0.137964
0.863107 0.19435 0.0875821 0.67442 0.828278 0.0326727 -0.0020278 0.0305439 -0.0156952 -0.0134385 -0.0166448 -0.0403388 0.00682372 0.24015
0.929615 0.193128 0.0867185 0.674375 0.81634 0.0364969 -0.00300988 0.0233206 -0.018378 -0.0129846 -0.000672876 0.030784 0.0110482 0.00273353
1.26499 0.190427 0.0836064 0.674457 0.758712 0.0418057 -0.0106687 0.0298852 -0.00805392 -0.00927936 0.000243875 -0.062751 -0.0659734 -0.00690332
1.36905 0.188909 0.0819263 0.674407 0.741672 0.0441287 -0.0109144 0.0305324 -0.0145842 -0.016145 -0.000474526 -0.0352051 -0.00600927 -0.0365808
1.59691 0.183758 0.0779355 0.6724 0.705684 0.0326172 -0.0190637 0.0263756 -0.022606 -0.0175142 -0.00880983 -0.33224 -0.0775625 -0.170609
2.02924 0.111888 0.0558669 0.636704 0.642133 -0.0584067 -0.026966 -0.0287161 -0.166241 -0.0510463 -0.0825684 -0.770071 0.371825 -0.651854
2.13735 0.0849158 0.0546941 0.620159 0.627157 -0.0484071 -0.0343244 -0.0142033 -0.249493 -0.0108487 -0.15304 0.214705 0.150044 0.191683
2.49688 0.022968 0.0701893 0.589914 0.579818 -0.075259 -0.0168372 0.00508631 -0.172298 0.0430977 -0.0841223 0.668051 0.114599 1.08705
2.57137 0.0138404 0.0740355 0.589679 0.570466 -0.122969 -0.0111877 -0.0563493 -0.122536 0.051634 -0.00314905 -0.394278 0.145507 -0.56127
2.63286 0.00481594 0.0777602 0.587364 0.562861 -0.0974524 -0.0152903 -0.0339694 -0.146778 0.0605804 -0.0376582 0.441229 -0.053876 0.0758783
2.79892 -0.00739066 0.0863345 0.583203 0.542823 -0.104604 -0.0163071 -0.0332849 -0.0735073 0.0516338 -0.0250579 0.314802 -0.248804 0.107911
2.93481 -0.0115664 0.0887566 0.58179 0.526957 -0.114347 -0.00644992 -0.0374323 -0.0307279 0.0178231 -0.0103935 0.0201663 0.00971127 -0.0324165
3.13565 -0.0169244 0.0927279 0.578395 0.504354 -0.121413 0.00369135 -0.0391786 -0.0266776 0.0197735 -0.0169041 -0.13147 0.166944 -0.0428203
3.33289 -0.0273008 0.103123 0.573395 0.4831 -0.121871 0.0067746 -0.0398818 -0.0526087 0.0527014 -0.02535 0.0621418 -0.0619089 0.0174133
3.59706 -0.0368619 0.112724 0.567914 0.45603 -0.123674 0.0125176 -0.0401163 -0.0361928 0.036347 -0.0207499 0.088367 -0.100564 0.0562286
4.06854 -0.0342827 0.107507 0.57063 0.41143 -0.0684445 -0.03283 -0.00243461 0.00547042 -0.011067 0.0057607 1.04552 -0.921278 0.703865
4.28994 0.0181784 0.0598967 0.606407 0.392019 -0.0211597 -0.0284018 0.0200418 0.23695 -0.215039 0.161597 0.344066 0.757429 0.0039241
4.50162 0.0837531 0.0483165 0.64079 0.374317 0.020575 -0.0199099 0.0428397 0.309782 -0.0547063 0.162428 -0.455665 0.905124 -0.32196
4.60214 0.110288 0.051963 0.653864 0.366193 0.0545818 -0.0419899 0.0616775 0.263979 0.0362766 0.130064 -0.21835 0.107968 -0.139498
4.9391 0.174447 0.0764458 0.681852 0.340225 0.104869 -0.0262928 0.0848963 0.190403 0.0726577 0.0830593 -0.508978 -0.159984 -0.225584
5.23448 0.18628 0.0839488 0.686704 0.31898 0.126628 -0.0175809 0.0941982 0.0400601 0.025401 0.0164256 -0.0514236 -0.0169304 -0.0383435
5.50095 0.193303 0.0895152 0.688358 0.300955 0.132164 -0.0170957 0.0969809 0.0263574 0.0208896 0.00620831 -0.139399 -0.115722 -0.0404053
5.63658 0.194314 0.0902197 0.688457 0.292175 0.139317 -0.0126808 0.0993108 0.00745095 0.00519455 0.00072822 0.00641267 0.0113652 -0.000489542
5.93299 0.197086 0.092758 0.68863 0.27387 0.143366 -0.0123974 0.0991099 0.00935172 0.00856329 0.000583116 -0.0504205 -0.0369563 -0.0602893
6.03605 0.197514 0.093248 0.688049 0.267777 0.18209 -0.0157442 0.130009 0.00415542 0.0047546 -0.00563025 0.840582 -0.115736 0.681898
6.06915 0.198573 0.0932785 0.68861 0.265849 0.14191 -0.0110746 0.098815 0.0319845 0.000922951 0.0169453 -0.204536 0.00362525 -0.123963
6.23392 0.19829 0.093529 0.688037 0.256457 0.148622 -0.0125142 0.103422 -0.0017163 0.00152027 -0.00347977 -0.0099311 -0.0314068 0.0158138
6.33809 0.198003 0.0933466 0.687846 0.250692 0.150783 -0.0101208 0.101378 -0.0027508 -0.00175128 -0.00183249 0.0241011 0.040437 -0.0477436
6.40069 0.197926 0.0933954 0.687544 0.247289 0.151246 -0.0102072 0.10307 -0.00124194 0.000780283 -0.00482148 0.0182786 0.0341453 -0.00366147
6.67073 0.198923 0.0960961 0.685975 0.233133 0.148126 -0.0148777 0.10159 0.00369402 0.0100009 -0.00581023 -0.153997 -0.150621 -0.0390932
7.00456 0.182994 0.082649 0.679679 0.216749 0.0957874 -0.035988 0.0828449 -0.0477149 -0.0402812 -0.0188607 -0.982294 -0.214678 -0.352348
7.23832 0.118166 0.0615026 0.656017 0.205966 0.0867544 -0.0372112 0.0673479 -0.277332 -0.0904633 -0.101224 0.777891 0.371105 -0.0144315
7.46881 0.0955706 0.0603673 0.631919 0.19586 0.0570132 -0.0406228 0.0661869 -0.0980325 -0.00492576 -0.104551 0.182603 0.142603 0.507948
7.56886 0.0875907 0.0613018 0.626543 0.191629 0.0572321 -0.0458881 0.0528692 -0.0797644 0.00934066 -0.0537341 0.318995 -0.0317444 0.200153
7.705 0.0826439 0.061985 0.622938 0.186018 0.0399589 -0.0453424 0.0484307 -0.0363365 0.00501899 -0.0264853 -0.0906644 -0.0220865 0.106944
7.90547 0.0717156 0.0621036 0.621926 0.178053 0.027992 -0.0404768 0.0354255 -0.0545123 0.000591236 -0.00504594 -0.11289 0.105141 -0.245056
8.1049 0.056354 0.0664033 0.611173 0.170468 0.0178876 -0.0382099 0.0344621 -0.0770263 0.0215598 -0.0539183 0.0250154 0.0175938 0.0693269
8.30465 0.0419662 0.0714119 0.603169 0.163195 0.0153401 -0.033459 0.0175249 -0.0720295 0.0250742 -0.0400703 0.262042 0.00890819 -0.192111
8.33762 0.0398762 0.0722482 0.601639 0.162025 0.00482709 -0.0333793 0.0254926 -0.06339 0.0253679 -0.0464042 0.0387868 -0.00886573 0.0431382
8.82024 0.0183173 0.0824262 0.589291 0.145824 -0.0729042 0.0100015 -0.0704288 -0.0446707 0.0210891 -0.0255849 -1.40571 0.797975 -2.02708
8.83675 0.0171969 0.0829918 0.588316 0.145299 -0.0138812 -0.0222169 0.0137367 -0.067875 0.0342614 -0.0590462 0.0665183 -0.00659047 0.0602382
9.40475 0.000104226 0.100326 0.574213 0.128356 -0.0200779 -0.0130253 0.00847764 -0.0300927 0.030518 -0.024831 0.167785 -0.18029 0.149898
9.67424 0.00418019 0.0954565 0.578407 0.121023 0.0548219 -0.0702252 0.0523148 0.0151244 -0.0180691 0.0155658 1.71721 -1.31263 0.98327
9.77421 0.0228536 0.0805319 0.58979 0.11841 0.0480486 -0.0352633 0.0542041 0.186792 -0.149292 0.113862 0.738354 0.149615 0.542587
9.854 0.0424576 0.0695728 0.602329 0.116366 -0.000545651 -0.0147536 0.0292544 0.245703 -0.137354 0.157154 -1.01213 0.871501 -0.443401
9.9405 0.0561377 0.0642124 0.612605 0.114189 0.0510825 -0.0443161 0.0533326 0.158156 -0.0619714 0.118801 0.0629605 0.13956 -0.0410739
10.3413 0.129648 0.061795 0.653625 0.104623 0.105208 -0.0441607 0.0837894 0.183393 -0.00603103 0.102337 -0.493361 0.088361 -0.283311
10.6088 0.143404 0.0665036 0.660728 0.098689 0.137547 -0.0356551 0.0979509 0.0514289 0.0176038 0.0265567 0.199867 0.132222 0.027998
10.909 0.176848 0.0837003 0.671222 0.09243 0.151714 -0.0284977 0.1029 0.111421 0.0572915 0.0349607 -0.412594 -0.185652 -0.138755
11.1195 0.182018 0.087533 0.672432 0.0882781 0.167402 -0.0205296 0.108571 0.0245514 0.0182035 0.00574642 0.00201864 -0.00200065 0.0172716
11.3403 0.187537 0.0914552 0.674543 0.0841238 0.168378 -0.0210747 0.107393 0.0249972 0.0177618 0.00956033 -0.125455 -0.104157 -0.0803789
11.441 0.188783 0.0921878 0.674691 0.0822962 0.18875 -0.000859514 0.127418 0.0123733 0.00728107 0.00147227 0.346323 0.381027 0.402735
11.4729 0.18953 0.0928078 0.675148 0.0817251 0.175312 -0.0148112 0.10906 0.023421 0.0194358 0.0143195 -0.0158742 0.0102903 -0.0720113
11.6743 0.193603 0.0971397 0.675111 0.07821 0.17979 -0.011474 0.111172 0.0202239 0.0215083 -0.000183892 -0.0154678 -0.0153242 -0.000175102
12.2729 0.200166 0.104524 0.674938 0.0686292 0.188359 -0.00677557 0.11393 0.010964 0.0123345 -0.000288717 0.0082258 -0.0531111 0.04267
12.3731 0.201347 0.105226 0.675338 0.0671449 0.178515 -0.00549147 0.114651 0.011788 0.00701438 0.00398554 -0.261546 -0.0270582 0.0370805
12.4132 0.201399 0.105464 0.675557 0.0665597 0.186209 -0.00779782 0.112019 0.00129946 0.00592929 0.00547255 -0.060855 -0.0846627 -0.0352831
12.6733 0.197618 0.101276 0.674593 0.062885 0.171863 -0.0175369 0.103304 -0.0145327 -0.0160968 -0.0037068 -0.294372 -0.167078 -0.209811
12.9567 0.169858 0.0832959 0.656691 0.0591127 0.0747249 -0.0515568 0.053467 -0.0979568 -0.0634462 -0.0631666 -1.77891 -0.44432 -0.851213
13.0415 0.148775 0.0747262 0.645222 0.0580291 0.104502 -0.0301403 0.0732727 -0.248735 -0.101106 -0.135315 -0.258806 0.346922 0.0399198
13.1774 0.110186 0.0673929 0.627568 0.0563327 0.095444 -0.0376935 0.0648467 -0.283912 -0.0539531 -0.129889 0.507959 0.242889 0.242383
13.4138 0.0714586 0.0682096 0.610408 0.0534999 0.0655798 -0.037944 0.0523029 -0.163852 0.00345541 -0.0725997 0.450668 0.0977974 0.222403
13.58 0.0566748 0.0714856 0.604486 0.0515937 0.0394118 -0.0351569 0.0357052 -0.0889485 0.0197099 -0.0356349 0.0134236 0.053031 -0.114294
13.738 0.0429535 0.0759247 0.596 0.0498443 0.0372295 -0.0357395 0.0397404 -0.0868272 0.0280904 -0.0536968 0.274469 -0.0825794 0.215845
13.9419 0.0366603 0.0782191 0.594025 0.0476745 0.010006 -0.0217696 0.0229368 -0.0308657 0.0112533 -0.00968813 -0.350062 0.231279 -0.234955
14.1146 0.020892 0.0870588 0.585346 0.0459109 0.000969095 -0.0092279 0.0192815 -0.0913147 0.0511908 -0.0502604 -0.0703854 0.235539 -0.0348237
14.2137 0.0111548 0.0944419 0.580025 0.0449287 0.00803519 -0.0207225 0.0228697 -0.0982877 0.0745253 -0.0537103 0.338183 -0.260676 0.180892
14.4431 0.00640845 0.0978168 0.577225 0.0427336 -0.00358903 -0.00910972 0.0161218 -0.0206837 0.0147071 -0.0122005 0.000707945 0.0628394 -0.00682041
14.5434 0.00434063 0.0999245 0.575932 0.041808 -0.00397787 -0.0124217 0.0174374 -0.0206127 0.021011 -0.0128847 0.0361501 -0.0783536 0.0538522
14.7802 0.00148693 0.100508 0.5759 0.0397025 -0.0107183 -0.00395061 0.0117349 -0.0120553 0.00246338 -0.000137005 -0.0836602 0.149321 -0.113449
14.8787 -0.000513466 0.1022 0.574785 0.0388576 -0.00641056 -0.00908707 0.0159997 -0.0202995 0.0171781 -0.0113167 0.079487 -0.0431614 0.0353922
15.0791 -0.00138941 0.10391 0.573938 0.0371945 -0.00797588 -0.00825486 0.0153292 -0.0043712 0.00852897 -0.00422447 0.021837 -0.0444961 0.0198755
15.4788 0.000352024 0.10021 0.575425 0.0340869 0.00100583 -0.0166897 0.0218012 0.00435691 -0.00925583 0.00371966 0.160831 -0.116944 0.112487
15.8463 0.0236796 0.0810106 0.591988 0.0314589 0.15649 -0.0901772 0.0810786 0.0634692 -0.0522375 0.0450633 3.15575 -1.31072 1.02984
15.9161 0.0434455 0.0709969 0.600136 0.0309837 0.0536036 -0.0330148 0.0602219 0.283495 -0.143623 0.116866 -0.219716 0.475423 0.188878
16.0466 0.0767185 0.060349 0.618617 0.030113 0.0827889 -0.049126 0.0691165 0.254804 -0.0815413 0.14153 -0.259729 0.214922 -0.0930561
16.4784 0.138314 0.0652038 0.662375 0.0274048 0.39406 0.0859531 0.110637 0.142673 0.0112453 0.101356 5.88311 3.10641 -0.0684948
16.5107 0.149075 0.0688143 0.66558 0.0272121 0.113497 -0.0499386 0.101453 0.332874 0.111675 0.0991416 -1.42548 -0.41261 -0.357977
16.6824 0.164205 0.0758248 0.672049 0.026211 0.162578 -0.0321472 0.114738 0.0881185 0.0408303 0.037677 -0.106536 -0.00625156 -0.0689389
16.9787 0.180963 0.0873761 0.677161 0.0245691 0.178374 -0.017587 0.116058 0.056546 0.0389776 0.0172465 -0.0698587 0.0700883 -0.120085
17.0465 0.184475 0.0903403 0.677778 0.0242082 0.18112 -0.02017 0.123258 0.0518105 0.0437286 0.00910638 -0.0796044 -0.0712126 0.0521706
17.1785 0.189927 0.0948717 0.679889 0.0235206 0.184659 -0.0172306 0.122264 0.0413026 0.0343284 0.015993 -0.105778 -0.0885565 -0.0379414
17.4786 0.192796 0.0971988 0.681272 0.0220294 0.199655 -0.00484208 0.131021 0.00956185 0.0077554 0.00460802 0.242153 0.207231 0.156803
17.5467 0.19457 0.0986879 0.682313 0.0217043 0.18781 -0.0144714 0.121941 0.0260515 0.021867 0.0152857 -0.117074 -0.0859752 -0.106627
17.7145 0.195645 0.0999363 0.681875 0.0209237 0.193161 -0.0101274 0.125442 0.00640563 0.0074397 -0.00260713 0.0223951 0.0184976 0.0224638
17.8148 0.196513 0.100869 0.68184 0.0204705 0.195207 -0.00754214 0.12472 0.00865198 0.0092951 -0.000353898 0.0435003 0.0540424 0.000156432
18.0148 0.199982 0.104888 0.681775 0.0195963 0.194384 -0.00833938 0.124148 0.0173496 0.0201006 -0.00032262 -0.080641 -0.082425 -0.0144002
18.1468 0.200867 0.106105 0.681482 0.0190397 0.194901 -0.00829323 0.124456 0.00670455 0.00921999 -0.00222353 -0.0693247 -0.0867391 0.00233653
18.4468 0.196639 0.101063 0.681025 0.0178327 0.185235 -0.0163109 0.117467 -0.0140943 -0.0168035 -0.00152253 -0.159583 -0.101304 -0.157338
18.7472 0.178002 0.0868723 0.666367 0.0167008 0.12884 -0.0392083 0.0945577 -0.0620362 -0.0472374 -0.0487902 -0.957968 -0.242375 -0.255883
18.9827 0.110243 0.0622994 0.640679 0.0158638 0.140025 -0.0190503 0.0888243 -0.287675 -0.104326 -0.109061 1.38755 0.939344 0.34247
19.0831 0.0953478 0.061286 0.633185 0.0155202 0.0807648 -0.0462897 0.0688957 -0.148493 -0.0101026 -0.0747082 0.0394826 0.118269 -0.0260225
19.4873 0.0417674 0.0765325 0.598728 0.0142092 0.0655695 -0.035016 0.0541327 -0.132531 0.0377121 -0.0852288 0.909437 -0.076367 0.45936
19.5825 0.0373921 0.0794302 0.594778 0.0139171 0.0231066 -0.02956 0.0377769 -0.0459678 0.0304433 -0.0415055 -0.178076 -0.000130095 0.0718492
19.6825 0.0310144 0.0824732 0.591346 0.0136165 0.0198441 -0.0172789 0.0243511 -0.0637757 0.0304303 -0.0343204 -0.0678589 0.219044 -0.181077
19.8861 0.0152212 0.097743 0.576857 0.0130248 0.0103019 -0.0108805 0.0186028 -0.0775884 0.0750168 -0.0711789 0.106888 -0.0853309 0.102545
20.2523 0.00114225 0.113772 0.564543 0.0120239 -0.0216785 0.0158832 0.0149076 -0.0384388 0.0437627 -0.0336199 -0.404916 0.236012 0.224392
20.3269 -0.00397425 0.118347 0.563284 0.0118298 0.0121521 -0.00681225 0.00671844 -0.0686273 0.0613586 -0.0168904 0.581259 -0.447469 0.0241441
20.3825 -0.00599297 0.120375 0.56242 0.0116872 0.00140591 0.00497703 0.00804336 -0.0363202 0.0364877 -0.0155484 0.305282 -0.163306 0.0727829
20.4826 -0.00656843 0.122391 0.561593 0.0114345 -0.00876978 0.00633114 0.00540804 -0.00574595 0.0201325 -0.00825914 0.0117941 -0.14416 0.0137691
20.615 -0.00712228 0.12253 0.560741 0.0111089 -0.00845603 0.00943451 0.00456633 -0.00418515 0.0010547 -0.00643697 0.0275705 -0.0332578 0.00923527
20.8829 -0.00626417 0.120425 0.559679 0.0104777 -0.00810502 0.00394344 -0.00630714 0.00320246 -0.00785681 -0.00396235 -0.002972 -0.0941893 -0.230319
21.0508 -0.00581021 0.11645 0.552519 0.0101006 0.106476 -0.0629371 0.0753294 0.00270338 -0.0236734 -0.0426385 2.70124 -1.55129 1.95512
