t x y z s fx fy fz dx dy dz ddx ddy ddz
0 0.192307 0.0673171 0.749831 1 0.00700846 0.00213562 0.01437 0 0 0 0.207542 0.0632423 0.425539
0.107786 0.194718 0.0680519 0.754775 0.97103 0.000233139 -0.00136436 0.00562401 0.0223701 0.00681664 0.0458671 -0.122125 -0.0692522 -0.149699
0.39971 0.190841 0.0641402 0.755407 0.896713 -0.00235404 -0.00492636 0.0104162 -0.0132812 -0.0133997 0.00216633 0.0146689 0.022775 -0.0348075
0.736093 0.188034 0.0622098 0.752198 0.818103 -0.00648494 -0.00879374 0.012238 -0.00834677 -0.0057386 -0.00954231 -0.0331763 -0.0251282 0.0140011
0.871788 0.18629 0.0609684 0.751161 0.788378 -0.00715286 -0.00838332 0.0136949 -0.0128486 -0.00914837 -0.00764244 0.0122656 0.0440675 0.0332082
1.00199 0.184825 0.0605243 0.750728 0.760873 -0.0103494 -0.0116722 0.0135818 -0.0112516 -0.0034107 -0.00331866 -0.041698 -0.0449634 -0.0147078
1.24651 0.179581 0.0570019 0.749038 0.711783 -0.017192 -0.0155035 0.0134631 -0.0214478 -0.0144053 -0.00691506 -0.0592633 -0.00641024 -0.0405614
1.60018 0.164583 0.0511055 0.741519 0.646331 -0.0484916 -0.0275658 0.00229583 -0.0424071 -0.0166724 -0.0212602 -0.482824 -0.158226 -0.219848
1.70515 0.154811 0.0476118 0.736864 0.628089 -0.0462334 -0.0264993 -0.00150059 -0.0930906 -0.0332819 -0.0443383 0.00869588 0.0277126 -0.163765
1.80374 0.145718 0.0445999 0.730901 0.611425 -0.0744385 -0.0326552 -0.00821297 -0.0922333 -0.0305497 -0.0604836 -0.558605 -0.0663228 -0.171008
2.00404 0.104833 0.0358201 0.711926 0.578918 -0.0968295 -0.0306046 -0.0176116 -0.20412 -0.043834 -0.0947359 0.287222 0.301885 0.149055
2.0694 0.0927177 0.0342447 0.70637 0.568689 -0.11512 -0.0384201 -0.0248702 -0.185346 -0.0241013 -0.0849929 0.0552021 0.0687035 0.0557428
2.60449 0.00934642 0.0410197 0.676852 0.491464 -0.188557 -0.0264262 -0.0414282 -0.155808 0.0126613 -0.0551654 0.275476 0.155104 0.231644
2.74426 -0.00704899 0.0458193 0.673667 0.473082 -0.203177 -0.0267789 -0.0506923 -0.117305 0.0343397 -0.0227893 0.22709 -0.0479325 -0.0648091
2.93602 -0.0211928 0.0506416 0.666914 0.448975 -0.224812 -0.018553 -0.0557514 -0.0737591 0.0251483 -0.0352168 -0.108711 0.0863254 -0.0219648
3.20657 -0.0491061 0.0637645 0.655778 0.417037 -0.212999 -0.0244807 -0.0487785 -0.103171 0.0485039 -0.0411595 1.14739 -0.527596 0.476724
3.27304 -0.0508945 0.0646575 0.655148 0.409545 -0.245488 -0.00973829 -0.062083 -0.0269061 0.0134356 -0.00947254 0.0366737 -0.0217533 0.0049482
3.44327 -0.0544119 0.0663143 0.653679 0.390964 -0.238138 -0.0130473 -0.0601723 -0.0206631 0.00973253 -0.0086302 0.342991 -0.151965 0.0717899
3.63582 -0.0456735 0.0625539 0.654679 0.370961 -0.226841 -0.0163349 -0.0571729 0.0453816 -0.019529 0.00519331 0.244952 -0.0528914 0.0609994
4.00434 0.00431472 0.0481746 0.664877 0.335488 -0.125234 -0.0346206 -0.031686 0.135649 -0.0390201 0.0276722 1.53644 -0.10352 0.395015
4.07198 0.0205195 0.0450616 0.668556 0.329356 -0.158506 -0.0285529 -0.03867 0.239574 -0.0460222 0.0543911 -0.203647 0.189216 -0.00175263
4.17377 0.0427965 0.0423375 0.674074 0.320337 -0.130918 -0.0310926 -0.0331434 0.218844 -0.0267612 0.0542127 0.00903716 0.147072 -0.0160948
4.30431 0.0715175 0.0413503 0.680877 0.309133 -0.109101 -0.0335745 -0.0242433 0.220024 -0.00756298 0.0521117 -0.197908 0.0562014 0.0328855
4.53619 0.111895 0.0426184 0.694728 0.290187 -0.0784437 -0.0333466 -0.0117924 0.174133 0.00546899 0.0597372 -0.363137 -0.00195042 -0.0604209
4.7813 0.13276 0.0438418 0.705741 0.271421 -0.0471532 -0.0282156 0.00192364 0.0851221 0.00499091 0.0449271 0.182411 0.122136 0.0275501
4.92476 0.148726 0.0470715 0.712753 0.261006 -0.0384369 -0.027951 0.00794988 0.111291 0.0225127 0.0488795 -0.101006 -0.00814027 -0.0295047
5.40368 0.178859 0.0559861 0.729395 0.229046 -0.0256486 -0.0216879 0.0166948 0.0629175 0.0186142 0.0347492 -0.484695 -0.0642399 -0.27928
5.47284 0.180892 0.0569662 0.730463 0.224766 -0.00765819 -0.0179445 0.0265204 0.0293974 0.0141716 0.015435 0.0768756 0.0309793 0.0240906
5.79189 0.198097 0.0646414 0.73784 0.206033 0.00820421 -0.0109477 0.0357378 0.0539251 0.0240557 0.0231213 -0.0268033 -0.00820042 0.0269661
6.13122 0.213309 0.0718599 0.74879 0.187821 0.331776 0.227024 0.339015 0.04483 0.0212731 0.0322716 9.12977 6.83937 8.62902
6.14047 0.214505 0.072642 0.749827 0.187347 -0.00144833 -0.0195133 0.0255573 0.12929 0.0845446 0.112099 -0.997108 -0.651921 -0.896364
6.24009 0.217489 0.0745945 0.752099 0.182325 0.0195311 -0.00540545 0.0463516 0.0299571 0.0195995 0.0228024 -0.200837 -0.118046 -0.119714
6.57456 0.205042 0.0679444 0.746333 0.166429 -0.00263159 -0.0145281 0.0338264 -0.0372156 -0.0198829 -0.0172378 -0.309729 -0.0806734 -0.24037
6.8397 0.1734 0.057001 0.724864 0.154818 -0.02874 -0.0197086 0.0171136 -0.119339 -0.0412731 -0.080971 0.0723163 0.151032 0.0499059
6.93998 0.16216 0.054381 0.717247 0.150641 -0.0635649 -0.0287015 0.00378316 -0.112088 -0.0261289 -0.0759669 -0.645103 -0.0762203 -0.139502
7.14182 0.113253 0.0460017 0.69623 0.142572 -0.0825495 -0.0305149 -0.0106665 -0.242299 -0.0415137 -0.104125 0.586334 0.162022 0.116096
7.30984 0.089095 0.0436005 0.682012 0.136186 -0.136226 -0.0344659 -0.0240684 -0.143785 -0.0142913 -0.0846188 -0.548363 0.0464416 0.0779205
7.50791 0.0391008 0.0425918 0.668309 0.129024 -0.161844 -0.033154 -0.0291272 -0.252401 -0.00509243 -0.0691848 0.461571 0.0935064 0.281089
7.67633 0.00968429 0.0443864 0.66463 0.123231 -0.189986 -0.0319122 -0.0378609 -0.174665 0.0106556 -0.0218446 0.293751 0.0376179 -0.00365513
7.9766 -0.0162771 0.0509777 0.657741 0.113541 -0.225555 -0.0231906 -0.0418655 -0.0864597 0.0219512 -0.0229422 -0.223844 0.0744482 0.0684931
8.1404 -0.0364457 0.056571 0.655821 0.10858 -0.232736 -0.0206803 -0.0451716 -0.123126 0.0341461 -0.0117227 0.258169 -0.047271 -0.0105463
8.44431 -0.0500205 0.0625823 0.651284 0.0999431 -0.248025 -0.0150377 -0.0480882 -0.0446683 0.0197804 -0.0149277 5.59728e-05 -0.0168693 0.0315002
8.57603 -0.0559032 0.0648951 0.649864 0.0964163 -0.251659 -0.00166891 -0.0459183 -0.0446609 0.0175584 -0.0107785 0.0668329 0.317752 0.120925
8.64419 -0.058637 0.0675685 0.649691 0.0946403 -0.17086 -0.0353975 -0.0631028 -0.0401052 0.0392182 -0.00253557 2.52853 -0.816918 -0.407641
8.7081 -0.0508718 0.0667381 0.647864 0.0930048 -0.249815 -0.0124881 -0.0448718 0.121498 -0.0129926 -0.0285887 -0.467451 0.0249964 0.252619
8.87752 -0.0437049 0.0652543 0.650272 0.088805 -0.136061 -0.0340096 -0.0563294 0.042303 -0.00875774 0.0142098 2.89891 -0.578009 -0.278334
8.94394 -0.0281088 0.0621232 0.649988 0.0872108 -0.200452 -0.0184779 -0.0459777 0.234831 -0.0471456 -0.00427555 0.0203897 0.0769334 0.0829215
9.18037 0.0285517 0.0552771 0.653612 0.0817645 -0.15304 -0.0240159 -0.0391121 0.239652 -0.0289564 0.0153294 -0.265964 0.0695561 0.117887
9.39286 0.0674669 0.0522648 0.662192 0.0771604 -0.115317 -0.0265477 -0.0299085 0.183137 -0.0141762 0.0403796 -0.151295 0.0463811 0.0623081
9.74453 0.11316 0.0530155 0.684099 0.0701032 -0.0223964 -0.00625171 -0.00761002 0.12993 0.00213484 0.0622918 1.38856 0.584642 0.00410078
9.81555 0.12939 0.0561157 0.688543 0.0687584 -0.0575213 -0.0209697 -0.00311239 0.228542 0.0436544 0.062583 -0.393337 -0.0524727 0.0026596
9.98555 0.156875 0.0620205 0.699259 0.0656431 -0.0287941 -0.0144307 0.00674395 0.161674 0.0347339 0.0630351 -0.179259 -0.00888425 -0.0291962
10.4129 0.193229 0.0752408 0.720864 0.0584214 -0.000669545 -0.00191194 0.0221565 0.0850726 0.0309375 0.0505589 -0.219643 -0.0168702 -0.191579
10.5536 0.200851 0.0792602 0.724185 0.0562216 0.00647948 -0.000481699 0.028792 0.0541646 0.0285635 0.0236001 -0.151661 -0.086424 -0.0256927
10.812 0.20472 0.0808705 0.728568 0.0523957 0.0187216 0.00658856 0.0299498 0.014976 0.00623184 0.0169612 0.200283 0.13586 -0.109995
10.8442 0.20541 0.0812121 0.729 0.0519375 0.00103737 -0.00265253 0.0213613 0.0214251 0.0106065 0.0134194 -0.360887 -0.159325 -0.368506
10.8895 0.20564 0.0813656 0.728852 0.0512999 0.0123076 0.00226905 0.0329462 0.00507984 0.00339036 -0.00327101 0.00937648 0.00122566 0.0220888
11.4444 0.211347 0.0836246 0.73384 0.044094 0.00450188 -0.00284232 0.0309302 0.0102834 0.00407056 0.0089874 -0.404154 -0.216108 -0.229806
11.5818 0.205139 0.080109 0.730741 0.0424732 -0.00136311 -0.00373552 0.027986 -0.0452113 -0.0256035 -0.0225675 -0.246918 -0.0592395 -0.144357
11.9127 0.163125 0.0651449 0.707457 0.0388069 -0.0407294 -0.0137497 -0.000216118 -0.126937 -0.0452109 -0.0703475 0.048172 0.140664 -0.169565
12.0118 0.151026 0.0620471 0.698827 0.0377728 -0.0755585 -0.0202327 -0.00416486 -0.122167 -0.0312807 -0.0871398 -0.63753 0.00391227 0.0118023
12.08 0.139727 0.0599316 0.692938 0.0370765 -0.0690517 -0.0211472 -0.00896517 -0.165653 -0.0310138 -0.0863348 0.00497617 0.0390339 0.040744
12.6136 0.0527448 0.0544972 0.658469 0.0320544 -0.1374 -0.0195148 -0.0278983 -0.162997 -0.0101836 -0.064592 0.550037 0.195031 0.43484
12.685 0.0439107 0.0547644 0.656074 0.0314362 -0.166544 -0.0127819 -0.046042 -0.123723 0.00374196 -0.0335435 -0.155385 0.34985 -0.114794
12.749 0.0353551 0.0564371 0.653457 0.0308922 -0.15675 -0.0205596 -0.0425887 -0.133669 0.0261344 -0.040891 0.414366 0.010889 0.0835284
12.9205 0.0246179 0.0612383 0.648901 0.0294807 -0.179248 -0.0164063 -0.0482895 -0.0626214 0.0280015 -0.0265692 -0.12202 -0.012706 0.00932384
13.3121 -0.0186215 0.0702558 0.639926 0.0264941 -0.215745 -0.00649748 -0.0513287 -0.110408 0.0230254 -0.0229176 0.204399 0.0279987 0.170452
13.4138 -0.0277351 0.0728867 0.639358 0.0257694 -0.221886 -0.00634877 -0.0564258 -0.0896236 0.0258725 -0.00558485 0.237399 -0.0527734 -0.0107894
13.6493 -0.0356753 0.0760528 0.637444 0.0241662 -0.224227 -0.00514003 -0.0591902 -0.0337169 0.0134445 -0.00812573 0.255223 -0.077214 -0.03193
13.7176 -0.0367876 0.0766108 0.636741 0.0237203 -0.231492 -0.00360437 -0.0572972 -0.01629 0.00817229 -0.0103059 0.0268924 -0.0341295 0.0499964
13.9163 -0.0389625 0.0768873 0.636667 0.0224692 -0.22645 -0.00445259 -0.0565073 -0.0109471 0.00139158 -0.000372871 0.226537 -0.0490016 0.0471833
14.2163 -0.0218531 0.0728935 0.640803 0.0207036 -0.192299 -0.0144244 -0.049396 0.0570235 -0.013311 0.0137841 0.55126 -0.186418 0.0948532
14.4518 0.0221458 0.059421 0.649309 0.0194156 -0.150291 -0.0156012 -0.0419861 0.18684 -0.0572105 0.0361211 0.148542 0.29446 0.00107647
14.6482 0.0645716 0.0595432 0.656444 0.018403 -0.126866 -0.0191228 -0.029529 0.216014 0.000622363 0.0363325 -0.491365 0.0337588 0.156406
14.7844 0.0848797 0.0602544 0.664296 0.0177317 -0.110681 -0.0178955 -0.0257728 0.149078 0.00522116 0.0576389 -0.43614 0.0371111 -0.0224324
14.885 0.095459 0.0611544 0.669864 0.0172521 -0.0762401 -0.0170323 -0.0228369 0.105231 0.00895205 0.0553837 0.386651 0.0263244 -0.0952016
15.0166 0.116019 0.0627896 0.675506 0.0166435 -0.0699025 -0.0155074 -0.015265 0.156143 0.0124183 0.0428481 -0.169332 0.0141082 -0.0058629
15.4178 0.151408 0.0700427 0.691753 0.0149184 -0.0441094 -0.00946816 0.00136262 0.0882077 0.0180785 0.0404959 -0.273455 -0.0361777 0.00876128
15.5485 0.158265 0.0717874 0.697195 0.0143961 -0.0307717 -0.00686879 0.00494045 0.052472 0.0133507 0.0416409 0.0131334 0.00185181 -0.0503387
15.8882 0.177602 0.0765354 0.705531 0.0131224 -0.0173697 -0.00259589 0.0161588 0.0569326 0.0139797 0.0245439 -0.174347 -0.0134024 0.0781737
15.9856 0.181495 0.0777709 0.708667 0.012778 0.0904844 0.0313055 0.0394237 0.0399353 0.0126731 0.0321651 2.94929 0.957525 0.653497
16.0159 0.185392 0.0790274 0.710235 0.0126732 -0.00824261 -0.000645211 0.0177401 0.129024 0.041597 0.0519053 -0.325698 -0.102413 -0.0875132
16.32 0.194504 0.0822048 0.717926 0.0116642 0.00248147 0.00317039 0.0225939 0.0299568 0.0104461 0.0252864 -0.0155037 -0.00062298 -0.102721
16.4842 0.199004 0.083903 0.719309 0.0111535 0.00618411 0.00454084 0.0265747 0.0274115 0.0103438 0.00842231 -0.0323526 -0.00986372 0.0180335
16.7163 0.203624 0.0857723 0.722235 0.0104694 -0.00402533 -0.00186465 -0.00757694 0.0199031 0.00805467 0.0126075 -0.451545 -0.248584 -1.09218
