t x y z s fx fy fz dx dy dz ddx ddy ddz
0 -0.032169 -0.0014779 0.610304 1 0.00895398 -0.00614019 0.0247363 0 0 0 0.368546 -0.25273 1.01815
0.0671071 -0.0305093 -0.00261604 0.614889 0.974881 0.000866746 0.000114892 -0.00102814 0.024732 -0.01696 0.0683249 -0.0610649 0.143544 -0.429705
0.231613 -0.0280933 -0.00152145 0.6145 0.91594 6.72712e-05 -0.00213684 -0.000111627 0.0146865 0.00665378 -0.002364 -0.00949272 -0.0118312 0.00832343
0.546271 -0.024412 -0.000599189 0.61458 0.812946 0.00698468 -0.00276338 0.00331326 0.0116995 0.002931 0.000255037 0.391466 0.0592101 0.353131
0.566395 -0.024018 -0.000516226 0.614728 0.806768 -0.00312681 -0.00450103 -0.00505155 0.0195775 0.00412256 0.0073615 -0.0545383 -0.0128495 -0.01042
0.867264 -0.0230647 -0.000439036 0.616 0.719803 -0.00779794 -0.00696554 -0.00849584 0.0031686 0.000256556 0.00422646 -0.00882704 -0.000992718 -0.00993889
1.34147 -0.0235471 -0.00054061 0.615769 0.601368 -0.0171329 -0.0114122 -0.0148564 -0.00101725 -0.000214198 -0.000486645 -0.0625274 -0.0388655 0.0043973
1.43594 -0.0242012 -0.000907726 0.615763 0.580211 -0.0169963 -0.0109541 -0.0162373 -0.0069244 -0.00388593 -7.12199e-05 0.0445114 0.0334895 -0.00916431
1.5344 -0.0244515 -0.000965703 0.615667 0.558955 -0.0199542 -0.0157141 -0.015177 -0.00254225 -0.00058889 -0.000973448 -0.0300758 -0.147191 0.0864834
1.59883 -0.0247402 -0.00161469 0.615963 0.545468 -0.0201024 -0.0108044 -0.0176504 -0.00448006 -0.0100726 0.00459875 0.0164657 0.132373 -0.0196433
1.667 -0.0249691 -0.00168613 0.616185 0.531551 -0.0273179 -0.0162099 -0.0189949 -0.00335749 -0.00104788 0.00325954 -0.240539 -0.104039 -0.0499039
2.06984 -0.0653555 -0.0189914 0.6094 0.45627 -0.080358 -0.0344885 -0.0337317 -0.100255 -0.0429587 -0.0168436 -0.216962 0.0986959 -0.144732
2.33452 -0.107091 -0.0234475 0.594802 0.41271 -0.125271 -0.0341414 -0.0532452 -0.157681 -0.0168358 -0.0551514 -0.0277763 0.251437 -0.11436
2.63503 -0.156984 -0.00580021 0.567901 0.368272 -0.165203 -0.0199022 -0.0763931 -0.166028 0.0587242 -0.089518 0.523776 -0.114771 0.260183
2.87436 -0.166719 0.0016803 0.56138 0.33633 -0.172977 -0.016983 -0.0822192 -0.0406749 0.0312566 -0.0272494 0.222634 -0.163839 0.126797
3.03479 -0.167514 0.00247793 0.560272 0.316485 -0.176406 -0.0156716 -0.084844 -0.00495771 0.00497182 -0.00690733 0.0321855 -0.0225968 0.0312539
3.20787 -0.167408 0.00266153 0.560012 0.296385 -0.173447 -0.0163476 -0.0859846 0.000612957 0.00106077 -0.00149791 0.179241 -0.0199482 0.017367
3.27192 -0.166633 0.00264763 0.559988 0.289275 -0.176783 -0.0161623 -0.0866001 0.0120939 -0.000216972 -0.000385501 -0.0145019 0.00131302 0.00391955
3.80313 -0.164301 0.00290288 0.560889 0.236512 -0.175386 -0.0192791 -0.0868746 0.00439042 0.00048051 0.00169659 0.106912 -0.0780163 0.0589186
4.03986 -0.15727 -0.00135574 0.564593 0.21621 -0.165195 -0.0249359 -0.0802658 0.0297004 -0.0179888 0.0156448 0.194387 -0.043706 0.169876
4.10632 -0.154437 -0.00274435 0.566383 0.210831 -0.0829962 -0.0590056 -0.049258 0.0426195 -0.0208936 0.0269349 3.42695 -1.37184 1.34223
4.1718 -0.136954 -0.00999424 0.573901 0.205662 -0.130026 -0.0337809 -0.0654938 0.267014 -0.110721 0.114823 -0.0416522 0.301584 0.0518291
4.41128 -0.0753999 -0.0192138 0.60437 0.187814 -0.0718058 -0.0357267 -0.0391363 0.257039 -0.0384997 0.127235 -0.0976272 0.356079 -0.125534
4.77626 0.00541088 0.0141699 0.634086 0.163544 -0.0254661 -0.00924682 -0.0256688 0.221406 0.0914651 0.0814163 -1.32477 -0.378011 -0.574564
4.90731 0.0116753 0.0196645 0.634889 0.155618 -0.00722299 -0.000802492 -0.0190234 0.0478043 0.0419293 0.00612369 -0.172859 -0.0649157 -0.0401962
5.0386 0.014972 0.0240504 0.635 0.148062 -0.00346789 0.00239952 -0.0187355 0.0251095 0.0334064 0.000846289 -0.0516022 -0.0733877 0.00241434
5.47047 0.0161916 0.02479 0.635816 0.125702 -0.00350743 0.00178321 -0.0193596 0.002824 0.00171243 0.00188897 0.0343602 0.0137733 -0.0136253
5.64688 0.017759 0.0255207 0.635725 0.11757 -0.00472271 0.00127185 -0.0200346 0.00888544 0.00414217 -0.000514645 -0.0822206 -0.0367356 -0.0117089
5.77078 0.0175977 0.02547 0.635482 0.112176 -0.00415378 0.0012165 -0.0197077 -0.00130187 -0.000409449 -0.00196541 -0.00121105 -0.0138265 0.0284665
5.94298 0.0173376 0.0249894 0.635987 0.105086 -0.00628332 -0.000199351 -0.021484 -0.00151042 -0.00279042 0.00293663 -0.0597158 -0.0352251 -0.068588
6.17049 0.0139032 0.0225314 0.633105 0.096403 -0.0179978 -0.00791112 -0.0272523 -0.0150961 -0.0108043 -0.0126675 -0.328861 -0.211757 -0.111667
6.40679 -0.00802733 0.008154 0.623877 0.0881425 -0.0451893 -0.0228465 -0.0380498 -0.0928068 -0.0608431 -0.0390547 -0.238719 -0.0407976 -0.0617091
6.53954 -0.0245532 -0.000641387 0.617605 0.0838167 -0.263889 -0.110153 -0.0752127 -0.124495 -0.0662587 -0.0472461 -8.43276 -3.2473 -1.29393
6.57583 -0.0401827 -0.0073249 0.614185 0.0826713 -0.0785162 -0.0318226 -0.0497241 -0.430587 -0.184129 -0.0942132 0.970227 0.687167 0.0712554
6.7709 -0.0872579 -0.0170948 0.598519 0.0767783 -0.12109 -0.0370534 -0.0707114 -0.241326 -0.0500843 -0.0803135 0.473435 0.387442 -0.186512
6.97544 -0.116812 -0.0111296 0.574288 0.0710498 -0.152379 -0.0289132 -0.0894969 -0.144489 0.0291638 -0.118463 0.0598007 0.191948 0.190115
7.23883 -0.15072 0.00986812 0.556275 0.0642981 -0.178938 -0.0131146 -0.103893 -0.128738 0.0797209 -0.0683886 0.321167 -0.200233 0.168853
7.63868 -0.150848 0.00973141 0.555926 0.0552544 -0.181276 -0.0167148 -0.101058 -0.000319454 -0.000341914 -0.000873013 -0.220039 -0.0374093 0.0703655
7.67515 -0.151152 0.0096692 0.555988 0.0544958 -0.174668 -0.0161151 -0.102867 -0.00834314 -0.00170604 0.00169286 0.0958945 -0.00425214 -0.0144852
7.77494 -0.15103 0.00945661 0.556012 0.0524728 -0.17634 -0.0163253 -0.102551 0.00122588 -0.00213035 0.000247423 -0.00815525 -0.000214101 0.00709908
8.10685 -0.151521 0.00872594 0.556877 0.0462688 -0.173746 -0.0194189 -0.101165 -0.00148095 -0.00220141 0.0026037 0.144294 -0.0899139 0.0329753
8.17538 -0.150945 0.00815273 0.55721 0.0450821 -0.177146 -0.01602 -0.103442 0.00840826 -0.00836366 0.00486366 -0.0528384 0.0976595 -0.0803115
8.30712 -0.150755 0.00874581 0.556457 0.042886 -0.176612 -0.017475 -0.102157 0.00144738 0.0045019 -0.00571649 -0.00759425 -0.0314225 0.0471687
8.57618 -0.150915 0.00768236 0.558333 0.0387273 -0.175897 -0.0177265 -0.102814 -0.000595896 -0.0039525 0.00697453 0.046316 0.0380108 -0.0951012
8.70774 -0.150192 0.00782025 0.557605 0.0368433 -0.172454 -0.0201108 -0.0958584 0.00549731 0.00104809 -0.00553671 0.140555 -0.0819995 0.271212
8.97607 -0.138596 0.00219735 0.575647 0.0332797 -0.0974571 -0.0283736 -0.0432261 0.0432127 -0.020955 0.067238 2.62018 -0.105462 1.43453
9.17494 -0.0263722 -0.00614117 0.645756 0.0308629 -0.0778741 -0.0274218 -0.0416443 0.564298 -0.0419287 0.352528 -3.10526 0.35698 -2.43123
9.34263 -0.0190634 -0.00313414 0.636506 0.0289621 -0.0388693 -0.0256948 -0.0221226 0.0435856 0.0179323 -0.055159 0.121072 0.0861564 0.257873
9.71111 0.0134362 0.0151718 0.651195 0.0251862 -0.0102361 -0.00858585 -0.00908718 0.0881985 0.0496794 0.0398625 -0.192895 -0.0755514 -0.152045
9.94271 0.0235163 0.022625 0.652272 0.0230692 -0.00367162 -0.00383449 -0.00790471 0.0435248 0.032182 0.00464948 -0.167859 -0.119855 -0.0136044
10.1463 0.0254204 0.0242094 0.652654 0.0213558 -0.00171435 -0.0023487 -0.00757946 0.00935323 0.0077827 0.00187999 -0.0355962 -0.0320726 -0.00216749
10.4109 0.0254032 0.0240234 0.653 0.0193177 -0.00251569 -0.00277363 -0.00847371 -6.48814e-05 -0.000703116 0.00130651 -0.0281193 -0.008269 -0.046802
10.5468 0.0248746 0.0237749 0.652313 0.0183473 -0.00366581 -0.0141518 -0.0126581 -0.00388795 -0.00182736 -0.00505665 -0.037207 -0.461087 -0.165268
10.5751 0.0247348 0.0233539 0.652037 0.0181515 -0.00236572 -0.00245581 -0.00822221 -0.00494091 -0.0148761 -0.00973373 0.0264246 0.0859153 0.0462844
10.7656 0.0247526 0.0236381 0.651863 0.0168868 -0.00260129 -0.00283251 -0.00884909 9.32061e-05 0.00149147 -0.000916153 0.000617651 -5.49304e-05 -0.00213376
11.282 0.0249654 0.0243936 0.650821 0.0138846 -0.00201412 -0.00340796 -0.00816926 0.000412138 0.00146311 -0.00201795 0.0223366 -0.0512029 0.0791119
11.4107 0.0253886 0.0237334 0.651872 0.0132232 -0.00244718 -0.00278939 -0.00897607 0.0032876 -0.0051284 0.00816638 -0.0218453 0.0264752 -0.0334686
11.6465 0.0249494 0.023996 0.651937 0.0120926 -0.00233768 -0.00284339 -0.00876549 -0.00186297 0.00111379 0.00027533 0.0225215 -0.0082075 0.00395733
11.8465 0.0254774 0.0238905 0.65215 0.0112098 -0.000532595 -0.00056598 -0.00950777 0.0026405 -0.000527405 0.00106665 0.0607076 0.0969515 -0.0364292
12.0115 0.0275676 0.0264455 0.651333 0.0105298 -0.000230592 -0.000877961 0.00411489 0.0126621 0.0154774 -0.00494709 -0.0480961 -0.079175 0.581464
