t x y z s fx fy fz dx dy dz ddx ddy ddz
0 0.131629 0.0262292 0.655514 1 -0.00253146 -0.00272582 0.033123 0 0 0 -0.0646229 -0.0695844 0.845562
0.10348 0.130937 0.025484 0.664568 0.975963 0.0051586 -0.000111923 0.00967679 -0.00668718 -0.0072006 0.0874988 0.088723 0.0466614 -0.223588
0.29839 0.133004 0.0258532 0.673128 0.932247 0.0418531 0.00514193 0.0219545 0.0106058 0.00189416 0.0439193 0.795162 0.176155 -0.101374
0.385604 0.139977 0.0273583 0.676188 0.913325 0.021131 -0.000508354 0.0268098 0.0799552 0.0172574 0.035078 -0.129935 -0.0305202 -0.0665845
1.06636 0.134192 0.0249624 0.66921 0.778237 0.0319554 -0.00692576 0.028665 -0.00849909 -0.0035195 -0.0102498 0.0694971 -0.00674473 0.0393254
1.19113 0.134213 0.0244183 0.668543 0.755738 0.0314905 -0.00318709 0.0222208 0.00017207 -0.00436104 -0.00534317 -0.0337605 0.117664 -0.156518
1.2341 0.134158 0.0244481 0.668025 0.748142 0.0287837 -0.00945495 0.026508 -0.00127848 0.000694533 -0.0120681 -0.12213 -0.0502039 -0.0310277
1.63839 0.113679 0.0165229 0.658074 0.680301 -0.0254821 -0.0195637 -0.0010836 -0.0506549 -0.0196026 -0.0246124 -1.0861 -0.0199308 -0.564749
1.72025 0.102254 0.0147847 0.652275 0.667333 0.00350783 -0.0246952 0.0227748 -0.139562 -0.0212341 -0.0708422 0.107644 -0.0952441 0.276485
1.76782 0.0958595 0.0135592 0.649531 0.659911 -0.0231542 -0.0190357 0.0065996 -0.134442 -0.0257645 -0.0576909 -0.44486 0.0951995 -0.108664
2.01024 0.0371234 0.0129081 0.629159 0.623349 -0.040063 -0.0206226 0.00296174 -0.242287 -0.00268582 -0.0840337 0.753696 0.0399968 0.318291
2.20857 0.0187169 0.0139487 0.625013 0.594949 -0.0763543 -0.019235 -0.00655547 -0.0928079 0.00524667 -0.0209077 -0.13385 0.0473508 -0.00984178
2.48595 -0.0173257 0.0190474 0.618456 0.557385 -0.0943862 -0.0155317 -0.0100702 -0.129936 0.0183812 -0.0236377 0.292086 0.00370539 0.0120203
2.70275 -0.0317671 0.0232065 0.613896 0.529685 -0.264622 0.044575 -0.0521045 -0.0666133 0.0191845 -0.0210318 -3.91707 1.4463 -0.996322
2.77032 -0.0541529 0.0311063 0.607926 0.521336 -0.0704242 -0.0201713 -0.00247908 -0.331293 0.116912 -0.0883542 2.18984 -0.626467 0.562849
2.87983 -0.0641721 0.0363966 0.605 0.508085 -0.141068 0.0031858 -0.0215393 -0.0914949 0.0483107 -0.0267195 0.0528395 -0.000873239 -0.0116385
3.17574 -0.08662 0.0506161 0.596074 0.473936 -0.162498 0.01913 -0.0242846 -0.0758588 0.0480523 -0.0301635 -0.064692 0.063713 0.0976127
3.27759 -0.0950174 0.0561713 0.594015 0.462721 -0.160415 0.0178614 -0.0280541 -0.0824477 0.0545415 -0.0202216 0.182471 -0.11874 0.0127446
3.51023 -0.104322 0.0624334 0.59 0.438091 -0.164906 0.0226759 -0.028195 -0.0399989 0.0269187 -0.0172568 0.130673 -0.0782228 0.0641884
3.78468 -0.105458 0.0639293 0.590099 0.410714 -0.16229 0.0232516 -0.0269331 -0.00413558 0.00545028 0.000359873 0.0581007 -0.0366834 0.00844802
4.07919 -0.101636 0.0623527 0.590938 0.383237 -0.148899 0.0158904 -0.020717 0.0129757 -0.00535334 0.0028479 0.17655 -0.143617 0.0946662
4.41517 -0.0773476 0.0443426 0.60258 0.354128 0.131016 -0.124781 0.0654605 0.0722922 -0.0536053 0.0346535 6.47483 -3.14772 1.8767
4.47631 -0.0487181 0.0292956 0.611716 0.349073 -0.0697922 0.0224078 0.00848143 0.468208 -0.246079 0.149408 -0.3022 1.43626 -0.0814431
4.54406 -0.0183867 0.0192166 0.621464 0.343557 -0.0555612 -0.0169965 0.0139767 0.447736 -0.148781 0.14389 -0.683883 0.468712 -0.186509
4.77597 0.0486668 0.00992128 0.644803 0.325325 -0.027726 -0.0248355 0.0424322 0.289136 -0.0400817 0.100637 -1.38049 0.268359 0.0127663
4.93997 0.0589542 0.010566 0.661651 0.313019 0.0505672 -0.0258209 0.0508486 0.0627249 0.0039313 0.102731 0.833663 0.133446 -0.227595
5.17785 0.121049 0.0190524 0.67321 0.295992 0.068788 -0.0232704 0.0641498 0.261035 0.0356752 0.0485909 -0.792907 -0.0806064 -0.0876132
5.43961 0.135049 0.0228677 0.679926 0.278325 0.089869 -0.0198853 0.0694288 0.0534847 0.0145757 0.0256574 -0.194036 -0.0330806 -0.101109
5.5815 0.138731 0.0242698 0.681531 0.269193 0.09525 -0.0198053 0.0741492 0.0259541 0.00988214 0.0113116 -0.11665 -0.0507756 -0.00390148
5.70698 0.140151 0.0247104 0.682889 0.261367 0.102631 -0.017244 0.0762643 0.011316 0.00351046 0.010822 0.044241 0.0224885 0.00361915
6.20734 0.15689 0.0320971 0.68921 0.232358 0.104775 -0.01651 0.076146 0.0334524 0.0147628 0.0126329 -0.470468 -0.15607 -0.2128
6.27448 0.157015 0.0323847 0.689099 0.228719 0.124565 -0.012014 0.0887773 0.00186414 0.00428391 -0.00165491 0.0921565 -0.022583 0.139102
6.33957 0.157526 0.0325678 0.68958 0.225245 0.123625 -0.00915379 0.0827319 0.00786185 0.00281417 0.0073981 0.0304578 0.0511426 -0.0539209
6.47508 0.159151 0.0338884 0.689593 0.218182 0.122552 -0.0114961 0.0845136 0.0119893 0.00974466 9.11129e-05 -0.0701563 -0.0540566 -0.00373249
6.63993 0.159221 0.0340257 0.689506 0.209887 0.124154 -0.0110272 0.0850403 0.000423577 0.000833108 -0.000524211 -0.0308242 -0.020394 -0.000374983
7.01195 0.155112 0.0315132 0.689259 0.192308 0.108417 -0.0168202 0.0768746 -0.0110436 -0.00675383 -0.000663712 -0.356987 -0.0765337 -0.231234
7.41636 0.0922614 0.0162648 0.651173 0.174865 0.0622526 -0.0226602 0.0529851 -0.155414 -0.037705 -0.0941773 0.343535 0.244512 0.315899
7.55365 0.0774003 0.0156967 0.644198 0.169311 0.00150726 -0.0226594 0.0253691 -0.108253 -0.00413806 -0.0508104 -0.953015 0.185639 -0.319206
7.77814 0.00506861 0.0241235 0.616704 0.160606 0.0206497 -0.011789 0.0236841 -0.322199 0.0375367 -0.12247 1.84315 0.157955 0.488886
7.87398 -0.00888113 0.0291718 0.609457 0.157027 -0.0566034 -0.00112537 -0.00182574 -0.145555 0.0526748 -0.0756163 -0.187485 0.268833 -0.0902199
8.00872 -0.0318984 0.0411506 0.59763 0.15213 -0.0502972 -0.00891136 0.00476551 -0.170819 0.0888992 -0.0877732 0.6033 -0.31557 0.399635
8.20788 -0.041989 0.0463389 0.596 0.145171 -0.0771429 0.00906678 -0.00823875 -0.0506664 0.0260508 -0.00818259 -0.120738 0.1585 -0.0839557
8.41345 -0.0575062 0.0583917 0.59077 0.138321 -0.0837244 0.0137608 -0.0102748 -0.0754858 0.0586327 -0.0254409 0.142411 -0.0997431 0.0256685
8.84243 -0.0636809 0.0651887 0.58458 0.12505 -0.0715579 0.00293926 0.00469647 -0.0143938 0.0158446 -0.0144295 0.429231 -0.444051 0.518815
8.87467 -0.0636988 0.065238 0.584654 0.124106 -0.0826541 0.0159294 -0.0125267 -0.000555051 0.00152802 0.00229754 0.111845 -0.080456 0.037501
9.34228 -0.0395026 0.0483602 0.593929 0.111184 -0.0435658 -0.00557493 0.00816852 0.0517446 -0.0360939 0.0198334 0.331791 -0.105103 0.267677
9.54381 -0.0155998 0.0368178 0.608797 0.106039 0.0332129 -0.0327399 0.0350612 0.118609 -0.0572749 0.0737773 1.51269 -0.452544 0.442977
9.67447 0.0257254 0.0216073 0.626 0.102831 0.0208922 -0.0046099 0.0336941 0.316266 -0.116407 0.131659 -0.318219 0.790739 -0.168551
9.77625 0.0546187 0.0179509 0.637654 0.100399 0.0528476 -0.0245554 0.0488058 0.283877 -0.0359248 0.114504 -0.173776 0.192571 -0.0451358
10.0459 0.118527 0.0222646 0.665247 0.0942318 0.0638011 -0.0202214 0.0530966 0.237021 0.0159986 0.102334 -1.43811 0.0781389 -0.622378
10.1427 0.127996 0.0245455 0.669321 0.0921113 0.135025 -0.0117042 0.0822888 0.0978117 0.0235625 0.0420872 0.449547 0.221309 0.152894
10.3551 0.169047 0.0395324 0.685156 0.0876246 0.133167 -0.0113347 0.0824691 0.193288 0.0705651 0.0745595 -0.878018 -0.25654 -0.328296
10.5426 0.174416 0.0437434 0.687593 0.0838448 0.160495 -0.00121328 0.093751 0.0286257 0.0224539 0.0129911 0.0466145 0.00640353 0.0318494
11.044 0.200484 0.0566102 0.702111 0.0745216 0.152393 0.00206814 0.0809632 0.0519959 0.0256643 0.0289588 -0.908484 -0.240169 -0.71708
11.0801 0.201177 0.0572236 0.702222 0.0738919 0.18674 0.0112406 0.110348 0.0192077 0.0169963 0.00307863 0.0235161 -0.00151425 0.0882789
11.2432 0.204936 0.0599561 0.705074 0.0711112 0.188755 0.0126694 0.109595 0.0230442 0.0167493 0.0174807 -0.0385693 -0.0326071 -0.0412363
11.4509 0.208059 0.0620284 0.706926 0.0677213 0.190973 0.0141034 0.110891 0.0150317 0.00997536 0.00891416 -0.0540594 -0.0314512 -0.0414585
11.7465 0.207779 0.0622289 0.705938 0.0631743 0.188114 0.0107865 0.106773 -0.000948486 0.000678251 -0.00334115 -0.0977639 -0.0973566 -0.100893
11.9105 0.204996 0.0597236 0.702679 0.0607856 0.167061 -0.00320492 0.0911405 -0.0169756 -0.0152821 -0.0198812 -0.535119 -0.352735 -0.382938
12.0106 0.197935 0.0546595 0.696852 0.0593717 0.161141 -0.00279701 0.090435 -0.070541 -0.0505909 -0.0582133 -0.388154 -0.131597 -0.167004
12.1804 0.174758 0.0422716 0.682148 0.0570476 0.146179 -0.00822584 0.0911804 -0.136463 -0.0729407 -0.0865764 -0.0352698 0.0984429 0.288304
12.3904 0.14454 0.0312942 0.676683 0.0542988 0.0678053 -0.0156067 0.0351931 -0.143871 -0.0522641 -0.0260221 -1.25635 0.14465 -1.14421
12.5785 0.0730834 0.0265811 0.631346 0.0519508 0.0465133 -0.0184399 0.0329416 -0.380074 -0.0250688 -0.241143 0.556169 0.131921 0.442974
12.9785 0.0100441 0.0376653 0.60577 0.047287 -0.0063426 -0.00947643 0.0114166 -0.157577 0.0277067 -0.0639299 0.293376 -0.0399921 0.134041
13.3146 -0.00977707 0.0424599 0.599425 0.0436941 -0.0136772 -0.00604944 0.0075376 -0.0589752 0.0142657 -0.0188795 0.375651 -0.0421132 0.0882047
13.3863 -0.0120742 0.043266 0.598525 0.042964 -0.0379832 -0.000479031 0.000846535 -0.0320537 0.0112476 -0.0125582 -0.249964 0.0868285 -0.0752681
13.5789 -0.0275255 0.048655 0.593313 0.0410614 -0.0407744 0.0011726 -0.000697698 -0.0802072 0.0279744 -0.027058 0.177161 -0.0456591 0.0483406
13.9143 -0.0344993 0.0529014 0.589675 0.0379481 -0.0506249 0.00502908 -0.00436429 -0.0207954 0.0126624 -0.0108467 -0.0417586 -0.0188305 0.00544218
14.1164 -0.0404078 0.0546913 0.587705 0.036187 -0.0469955 0.0045302 -0.00311559 -0.0292349 0.00885668 -0.00974685 0.215434 -0.0675406 0.0821863
14.2823 -0.0393288 0.0543019 0.58835 0.0348028 -0.0263537 -0.00745499 0.00254261 0.00650401 -0.00234782 0.00388727 0.628859 -0.337162 0.17675
14.4183 -0.0268118 0.0477458 0.592148 0.0337074 -0.0342411 -0.00146452 0.00935874 0.0920326 -0.048204 0.0279263 -0.0907683 0.0884674 0.197096
14.5464 -0.0165091 0.0430216 0.598963 0.032707 0.0476128 -0.0335015 0.0311948 0.0804015 -0.0368677 0.0531823 1.75918 -0.634069 0.521239
14.6184 -0.00160154 0.0370804 0.605494 0.032158 0.00699063 -0.0125409 0.0202293 0.207058 -0.0825189 0.09071 0.050697 0.157232 -0.0120013
14.9897 0.0822641 0.0281171 0.637519 0.0294698 0.145236 0.00551468 0.102508 0.225881 -0.0241414 0.0862541 1.38744 0.715248 1.27662
15.0468 0.0997043 0.0290735 0.646617 0.0290765 0.0851252 -0.017567 0.0542845 0.305171 0.0167342 0.159211 -0.774569 0.00850556 -0.353935
15.2267 0.129535 0.0323579 0.663802 0.0278727 0.126445 -0.0138076 0.0763089 0.16588 0.0182638 0.0955629 -0.167028 0.0178434 -0.0870619
15.6523 0.169878 0.0433625 0.688704 0.0252186 0.153811 -0.00525365 0.0951063 0.0947952 0.0258576 0.0585109 -0.344373 -0.060503 -0.162661
15.7875 0.176399 0.0457531 0.693642 0.0244292 0.177937 0.00341466 0.10652 0.048215 0.0176739 0.0365092 0.208895 0.118902 0.0515844
15.9503 0.18978 0.0517793 0.700951 0.023512 0.222053 0.0195669 0.118515 0.0822143 0.0370261 0.044905 0.91295 0.333746 0.150519
15.9821 0.193318 0.0532943 0.702531 0.0233369 0.182605 0.00568903 0.111819 0.111247 0.0476396 0.0496917 -0.251222 -0.0833333 -0.0719711
16.2179 0.205582 0.0598945 0.710247 0.0220781 0.198537 0.0136136 0.119362 0.0520014 0.0279871 0.0327187 -0.0262767 -0.00391723 -0.0397228
16.4183 0.214946 0.0653448 0.715208 0.0210622 0.19942 0.0144881 0.118173 0.0467366 0.0272023 0.0247598 -0.233955 -0.118339 -0.180218
16.6183 0.214934 0.0660512 0.71295 0.0200946 0.202981 0.0157555 0.11955 -5.95469e-05 0.00353193 -0.0112877 -0.0389685 -0.0494074 -0.00671921
16.8833 0.212182 0.063518 0.709487 0.0188808 0.18586 0.00662333 0.109265 -0.0103855 -0.00956008 -0.0130682 -0.386018 -0.187263 -0.178796
17.0512 0.199545 0.0566281 0.702247 0.0181496 0.176267 0.0041727 0.102726 -0.0752284 -0.0410163 -0.0431022 -0.162573 -0.00168683 -0.0935363
17.3369 0.164798 0.0447759 0.682306 0.0169709 0.136531 -0.00692074 0.0793639 -0.121661 -0.0414981 -0.0698171 -0.18764 0.0194737 -0.121834
17.552 0.12993 0.036748 0.661642 0.0161336 0.103931 -0.011265 0.0607071 -0.162037 -0.0373077 -0.0960334 -0.0401922 0.10443 -0.0121038
17.9185 0.0651583 0.0370993 0.624827 0.0148018 0.0480937 -0.00623007 0.0311082 -0.176765 0.000958769 -0.100469 0.217308 0.137399 0.180031
18.1184 0.0385066 0.0427814 0.611938 0.0141222 0.00683263 0.00726266 0.0142398 -0.133325 0.0284248 -0.0644805 -0.256972 0.274472 -0.00483315
18.1871 0.0281217 0.0460346 0.60748 0.0138957 0.0176533 -0.00291703 0.0157989 -0.150998 0.0473016 -0.0648129 0.324 -0.11141 0.149143
18.3901 0.0108212 0.0510457 0.600469 0.0132481 0.00143837 0.00396775 0.00741454 -0.0852348 0.0246883 -0.0345407 0.19951 -0.0115669 0.0438924
18.5863 0.00177848 0.0554433 0.595383 0.012651 -0.0136658 0.00981276 0.00297084 -0.0461008 0.0224195 -0.0259312 -0.0464661 0.0309122 0.0396556
18.8865 -0.0162509 0.0649607 0.591172 0.0117887 -0.0258149 0.0155283 -0.00246224 -0.0600514 0.0317003 -0.0140253 0.132777 -0.0868303 -0.020154
19.1888 -0.0222702 0.0666083 0.58509 0.0109799 -0.022932 0.0128115 -0.00484599 -0.0199106 0.00544982 -0.0201182 0.265824 -0.137831 0.0868343
19.4947 -0.00348357 0.0553763 0.587062 0.0102178 0.0198145 -0.0102157 0.010956 0.0614103 -0.0367155 0.0064461 0.689384 -0.342217 0.377973
