t x y z s fx fy fz dx dy dz ddx ddy ddz
0 0.156926 0.0699571 0.753037 1 -0.0471702 -0.0185331 -0.00157733 0 0 0 -0.56958 -0.223787 -0.0190462
0.035658 0.156202 0.0696726 0.753013 0.996042 0.00674062 0.0161848 -0.0130209 -0.0203101 -0.0079798 -0.000679151 0.104112 0.207289 -0.16033
0.131293 0.155212 0.0708053 0.751482 0.985504 0.00391504 -0.000954005 0.00196405 -0.0103533 0.0118443 -0.0160123 0.0499991 -0.0352763 0.0446686
0.363711 0.155506 0.0716526 0.750173 0.960357 0.00797393 0.00451804 0.00394998 0.00126736 0.00364544 -0.00563055 0.0323196 0.0281691 0.0470001
0.531372 0.156627 0.0730556 0.75055 0.942616 0.0061869 0.00117377 0.00194184 0.00668609 0.0083683 0.00224954 -0.0443335 -0.03514 -0.00882385
1.07396 0.147204 0.067251 0.749173 0.887417 -0.00880257 -0.0184059 0.00601367 -0.0173686 -0.0106981 -0.00253814 -0.196589 -0.183633 0.00455101
1.1995 0.141925 0.0630137 0.748926 0.875113 0.016121 0.00548584 0.00566515 -0.0420486 -0.0337517 -0.0019668 0.170011 0.180309 -0.0101307
1.29907 0.139423 0.0614407 0.74863 0.865475 0.00911436 -0.00442314 0.00549345 -0.0251195 -0.0157972 -0.00297558 0.0779389 0.0597805 -0.0175924
1.43165 0.137463 0.0603971 0.747926 0.852808 -0.00449965 -0.0136172 0.00418421 -0.0147867 -0.00787179 -0.00530791 -0.0994188 -0.0478271 -0.0356021
1.7003 0.126316 0.0548307 0.743931 0.827705 -0.0422025 -0.0204152 -0.0173388 -0.0414952 -0.0207203 -0.0148723 -0.441723 -0.050074 -0.263111
2.03601 0.0626008 0.0422309 0.709284 0.797371 -0.334642 0.0528862 -0.134577 -0.189788 -0.0375309 -0.103202 -3.10443 1.00383 -1.19666
2.10006 0.0377075 0.0439455 0.697764 0.791711 -0.0124517 -0.021271 0.0010041 -0.388636 0.0267672 -0.179852 1.28998 0.0179493 0.65647
2.23617 0.00870856 0.047921 0.685446 0.779818 -0.0635174 -0.0215014 -0.0307393 -0.213066 0.0292101 -0.0905046 0.809981 -0.0360693 0.313001
2.40322 -0.00428082 0.0517941 0.679062 0.765463 -0.125111 -0.0137334 -0.0548522 -0.0777556 0.0231846 -0.0382165 0.0480767 0.0167537 0.0274783
2.90748 -0.031265 0.0677454 0.666778 0.723717 -0.081959 -0.040014 -0.0331906 -0.0535123 0.0316329 -0.0243602 0.784811 -0.504402 0.378848
2.96705 -0.031668 0.06784 0.666671 0.718938 -0.137661 0.000322542 -0.0614115 -0.00676577 0.00158865 -0.00179452 0.0569762 0.0137298 0.0100139
3.16703 -0.0307424 0.0687068 0.666713 0.703125 -0.137546 -0.00178709 -0.0604267 0.00462838 0.00433434 0.000208073 0.00307169 -0.0259644 0.00274165
3.36734 -0.029692 0.0685331 0.666864 0.687634 -0.127551 -0.00607548 -0.0547408 0.00524369 -0.00086677 0.000757272 0.0792521 -0.0708052 0.0528106
3.63506 -0.0226083 0.0632265 0.670852 0.667462 0.0477085 -0.118968 0.0205089 0.0264604 -0.0198222 0.0148953 2.04649 -1.35044 0.876985
3.66734 -0.0196207 0.0611789 0.672247 0.66507 -0.155028 0.0207141 -0.0424697 0.0925333 -0.0634225 0.0432096 -0.513799 0.407919 0.0665963
3.76829 -0.0155156 0.0589334 0.677288 0.657645 -0.0709031 -0.0111423 -0.0274415 0.0406662 -0.0222437 0.0499324 0.493519 0.00552228 0.172189
4.22437 0.105685 0.0499372 0.735877 0.625119 -0.0315169 0.0106473 -0.00571133 0.265748 -0.0197252 0.128464 -0.802913 0.372918 -0.391634
4.40355 0.127524 0.0583763 0.746321 0.612785 0.0189111 -0.0111355 0.0178444 0.121877 0.0470965 0.0582883 -0.327123 -0.0647933 -0.170393
4.56711 0.138707 0.0643461 0.751296 0.601739 0.0382821 -0.00849316 0.0274965 0.0683724 0.0364988 0.0304185 -0.192686 -0.0940782 -0.0953464
4.75984 0.144727 0.067886 0.753617 0.588979 0.0437262 -0.00702792 0.031506 0.0312375 0.0183679 0.0120432 -0.185202 -0.100184 -0.0684254
4.91882 0.145013 0.068274 0.753803 0.578657 0.063908 0.00156653 0.0477276 0.00179383 0.00244051 0.00116483 0.0660857 0.0155962 0.126193
5.00443 0.145651 0.0685972 0.754827 0.573173 0.0566546 -0.000819355 0.0351935 0.00745168 0.00377576 0.0119687 -0.0463435 -0.0188322 -0.0549189
5.27123 0.14434 0.0682641 0.754111 0.556416 0.0644254 -0.00157554 0.0543156 -0.00491292 -0.00124874 -0.0026838 0.0429629 -0.0193491 0.182968
5.33536 0.144201 0.0681044 0.754691 0.552462 0.0587229 -0.00082134 0.0342496 -0.00215798 -0.00248948 0.00904881 -0.035152 -0.00717165 -0.0831332
5.50406 0.142837 0.0674803 0.753852 0.542193 0.0560281 -0.00376838 0.037914 -0.0080883 -0.00369938 -0.00497617 -0.0654667 -0.0344264 -0.0243155
5.87257 0.130966 0.061442 0.748716 0.520421 0.00494914 -0.026981 0.00990165 -0.0322134 -0.0163859 -0.0139367 -0.556641 -0.22919 -0.313589
6.03527 0.110991 0.0527096 0.738148 0.511089 -0.046918 -0.0146436 0.00861156 -0.122776 -0.0536737 -0.0649557 -0.862702 0.0650349 -0.156194
6.27169 0.0337436 0.0436551 0.714061 0.497826 -0.0343254 -0.0190362 0.00150294 -0.326737 -0.0382981 -0.101883 0.415719 0.104059 0.074868
6.83967 -0.0177237 0.0554729 0.680346 0.467351 -0.0609527 0.00258318 -0.0095658 -0.0906136 0.0208063 -0.0593591 0.399346 0.157061 0.270601
6.97142 -0.0227302 0.0609403 0.677222 0.460553 -0.0618348 -0.024707 -0.00784779 -0.0380001 0.041499 -0.0237076 0.378651 -0.261175 0.283465
7.08313 -0.0222501 0.062317 0.678111 0.454867 -0.0934382 -0.0066655 -0.0305143 0.0042978 0.012324 0.00795733 -0.0658775 -0.0287212 -0.0410987
7.38369 -0.0269093 0.0634265 0.67679 0.439914 -0.0230427 0.00642626 -0.0414731 -0.0155021 0.00369165 -0.00439514 0.831715 0.124542 -0.159736
7.40448 -0.026872 0.0635572 0.67663 0.438898 -0.0847827 -0.00578451 -0.0221269 0.00179502 0.00628173 -0.00771716 0.0650275 -0.027329 0.0783351
7.50557 -0.026026 0.0639129 0.67665 0.433991 -0.0887634 -0.00434167 -0.0271362 0.00836847 0.00351912 0.000201522 -0.010223 -0.0114632 0.00392936
7.73912 -0.0246292 0.0641095 0.676911 0.422864 -0.0666542 -0.0127182 -0.0191511 0.00598092 0.000841933 0.00111921 0.220074 -0.112647 0.0845927
7.97666 -0.0107902 0.0579531 0.681951 0.411838 -0.053551 -0.0125887 -0.0148639 0.0582585 -0.0259168 0.0212138 0.132552 -0.00839461 0.0423056
8.47215 0.0506185 0.0430508 0.702848 0.389758 0.0119217 -0.0170536 0.0187864 0.123936 -0.0300762 0.0421756 0.0662763 0.121028 0.150618
8.7147 0.0845777 0.0428758 0.721938 0.379385 0.0400321 -0.00441351 0.027598 0.140011 -0.000721263 0.0787075 -0.0425739 0.243549 -0.0237735
8.80682 0.0971153 0.0448765 0.728988 0.375517 0.0673813 -0.0121706 0.0419204 0.136089 0.0217165 0.0765173 0.132733 0.101299 0.0623786
9.14101 0.157418 0.0634468 0.761525 0.361817 0.0701339 -0.0135657 0.0473069 0.180446 0.0555689 0.0973633 -0.637648 -0.177029 -0.302277
9.38022 0.164095 0.0666096 0.767519 0.352318 0.135478 0.00865106 0.0782381 0.027914 0.0132217 0.0250554 0.216387 0.0983107 0.0670292
9.50825 0.171216 0.0699138 0.771825 0.347337 0.112913 -0.00196914 0.0728183 0.0556177 0.0258082 0.033637 -0.182002 -0.0836684 -0.0648805
9.74049 0.174316 0.0713948 0.776138 0.338481 0.128417 0.00340582 0.0780527 0.0133491 0.00637692 0.018569 -0.00439222 -0.016104 -0.0467153
9.84223 0.175629 0.0718769 0.777543 0.334672 0.132124 0.00855042 0.082828 0.0129022 0.00473843 0.013816 0.017338 0.0417753 -0.00486758
10.0749 0.179568 0.07524 0.780494 0.326125 0.113585 -0.0101299 0.0702676 0.0169356 0.0144567 0.0126836 -0.27565 -0.235321 -0.199859
10.1753 0.178491 0.0743199 0.779753 0.322504 0.124177 0.00140612 0.0830862 -0.0107353 -0.00916574 -0.00737905 -0.11213 -0.0595813 -0.0182392
10.4463 0.167341 0.067457 0.776413 0.312926 0.101502 -0.00591007 0.0686297 -0.0411314 -0.025317 -0.0123233 -0.23773 -0.0480887 -0.157118
10.8772 0.105479 0.0476195 0.741931 0.298284 0.0409769 -0.0124599 0.0338474 -0.143568 -0.0460381 -0.0800244 -0.140406 0.13401 -0.102903
11.0506 0.076359 0.0436658 0.724958 0.292586 0.045038 -0.0183531 0.0471085 -0.167917 -0.0227985 -0.0978695 0.275087 0.0852061 0.275493
11.1432 0.0631721 0.0422855 0.718259 0.289589 -0.00378748 -0.0142131 0.0260376 -0.142451 -0.0149109 -0.0723668 -0.18878 0.143195 0.0712819
11.3429 0.0271876 0.0450201 0.706649 0.283227 -0.00764962 -0.0142598 0.00840485 -0.180158 0.0136907 -0.058129 0.227026 0.0784045 -0.0234498
11.5751 -0.00240232 0.0524248 0.691889 0.276008 -0.0222511 -0.0164253 0.00745824 -0.12745 0.0318938 -0.0635733 0.336562 -0.0571765 0.141691
11.8113 -0.0137301 0.0567681 0.684778 0.268853 -0.0417515 -0.011556 0.000876899 -0.0479658 0.0183907 -0.0301109 0.137642 -0.0365969 0.104483
12.0428 -0.017457 0.0590643 0.683407 0.262018 -0.00907788 -0.0223804 0.00975401 -0.0160955 0.00991692 -0.00591839 0.529009 -0.186217 0.194962
12.2116 -0.00510205 0.0554327 0.687963 0.257145 -0.0220417 -0.0125069 0.00462453 0.0731965 -0.0215149 0.0269894 0.117047 0.0105597 0.0373895
12.5804 0.0378065 0.0489349 0.703 0.246813 0.123493 -0.00776075 0.0614061 0.116359 -0.0176209 0.0407772 1.28886 0.141611 0.515784
12.6792 0.0618791 0.0485761 0.712062 0.244116 -0.00527277 -0.0132659 0.012569 0.243681 -0.00363158 0.0917299 -0.699601 0.0642245 -0.24119
12.8791 0.0826346 0.0504167 0.720761 0.238748 0.0885818 -0.00740189 0.0505554 0.103827 0.00920728 0.0435146 0.323319 0.0986738 0.158931
13.179 0.142865 0.0620557 0.748111 0.230915 0.0916652 -0.00769414 0.0574207 0.200805 0.038804 0.0911852 -0.487224 -0.0777526 -0.148085
13.4471 0.161682 0.0668705 0.761914 0.224133 0.107327 0.011445 0.102656 0.070191 0.0179603 0.0514869 -0.397892 0.117388 0.267258
13.4832 0.163699 0.0676729 0.764123 0.223233 0.153417 0.00862774 0.0810816 0.0558108 0.0222028 0.0611459 0.148007 0.0690535 -0.0313016
13.7111 0.184103 0.0763186 0.776432 0.217647 0.146948 0.00616072 0.0838529 0.0895391 0.037939 0.0540128 -0.224162 -0.0824064 -0.14459
14.0139 0.190664 0.0802512 0.779531 0.21044 0.163085 0.013969 0.0972464 0.0216683 0.0129883 0.0102345 -0.0497125 -0.00901885 0.0194805
14.1807 0.192895 0.0821662 0.781779 0.206573 0.160515 0.00681783 0.0900807 0.0133785 0.0114844 0.013483 -0.10651 -0.117062 -0.101736
14.3114 0.192823 0.081666 0.781803 0.20359 0.178193 0.0228372 0.106434 -0.000550995 -0.00382518 0.000177794 0.116868 0.0987977 0.106703
14.4115 0.193938 0.0822726 0.782889 0.201337 0.165887 0.0132667 0.0955329 0.0111446 0.006062 0.0108561 -0.0623584 -0.0348818 -0.0519266
14.8146 0.188297 0.0790481 0.778827 0.19251 0.144131 0.00457969 0.079732 -0.0139926 -0.00799917 -0.010076 -0.247562 -0.0860949 -0.18028
15.1793 0.150265 0.064679 0.751173 0.184858 0.11101 -0.00235165 0.0594363 -0.104281 -0.0393988 -0.0758257 -0.106139 0.0372465 -0.0283981
15.4511 0.114087 0.0567228 0.728469 0.179354 0.0524345 -0.00539919 0.039777 -0.133125 -0.0292767 -0.0835432 -0.356506 0.0853125 0.0109562
15.6151 0.0826654 0.054216 0.715063 0.176113 0.0528679 -0.0101864 0.0280264 -0.191593 -0.0152852 -0.0817464 0.0847709 0.0425035 0.0256303
15.8794 0.037948 0.0531452 0.695247 0.171011 -0.0892729 0.031238 0.0164737 -0.169188 -0.00405124 -0.0749721 -1.12608 0.543246 0.112766
15.9477 0.0211502 0.0554004 0.690654 0.169718 0.0721231 -0.0196832 0.0184732 -0.246062 0.0330345 -0.0672739 1.10604 -0.138977 0.182701
16.0807 0.00798979 0.0573355 0.684938 0.167225 -0.0192959 0.00513059 0.00363106 -0.098933 0.0145474 -0.0429704 -0.00285029 0.157125 0.0436551
16.1472 0.00139229 0.0589998 0.682272 0.165992 -0.0183539 -0.00850225 0.00467449 -0.0991227 0.0250055 -0.0400648 0.0859137 -0.0389446 0.0840297
16.4149 -0.0189838 0.0629027 0.677568 0.161124 -0.129117 0.0441019 0.00260622 -0.0761272 0.0145816 -0.0175735 -1.04013 0.560138 0.0864819
16.4507 -0.0230453 0.0641437 0.677049 0.160483 -0.0313138 -0.00465378 -0.00759706 -0.113385 0.0346458 -0.0144757 0.228828 -0.0652734 -0.0344757
16.6842 -0.0370443 0.0686746 0.67179 0.15637 -0.0513853 0.000920663 -0.00635245 -0.0599572 0.0194055 -0.0225252 0.0895257 -0.0364175 0.0484601
16.9189 -0.0461844 0.071223 0.669173 0.152341 -0.0698858 0.00703328 -0.0151155 -0.0389473 0.0108591 -0.0111526 -0.0542949 0.0156499 -0.0422364
16.9925 -0.0493444 0.0721068 0.668123 0.1511 -0.037113 -0.00438614 -0.00461499 -0.0429427 0.0120107 -0.0142606 0.381411 -0.134218 0.0992905
17.2832 -0.0295888 0.0642534 0.67237 0.146292 -0.0400188 0.000549522 -0.00130502 0.0679491 -0.0270118 0.0146072 -0.0216617 0.0621166 0.0517829
17.489 -0.0165254 0.0613253 0.677568 0.142982 0.00266011 -0.004658 0.00800764 0.0634922 -0.0142314 0.0252615 0.334102 0.0206244 0.0865132
17.9157 0.0713974 0.0590079 0.704099 0.136356 0.0599646 -0.00440088 0.0312762 0.206053 -0.00543101 0.0621766 -0.202912 0.0418768 0.000339862
18.3611 0.122922 0.0648989 0.731864 0.129765 0.123311 0.00692955 0.0654402 0.115661 0.0132241 0.062328 0.0242116 0.0870812 0.0705596
18.5154 0.141343 0.0690123 0.743161 0.127557 0.106543 -0.00422981 0.066654 0.119397 0.0266599 0.0732146 -0.409181 -0.111958 -0.0652471
18.5833 0.14756 0.0703056 0.747827 0.126598 0.128577 0.0115702 0.057709 0.0916373 0.0190645 0.0687882 -0.190134 0.0713655 -0.225829
18.6512 0.152906 0.0719292 0.751457 0.125646 0.197118 0.0177546 0.107072 0.0787268 0.0239104 0.053454 0.584975 0.121157 0.341967
18.7182 0.160817 0.0740779 0.75658 0.124712 0.142577 0.00668815 0.0751545 0.117961 0.0320364 0.0763897 -0.213397 -0.0472392 -0.131045
19.1154 0.174009 0.0793503 0.76625 0.119324 0.165483 0.0131303 0.0907158 0.0332179 0.013277 0.0243501 -0.0153998 -0.0131241 -0.00932176
19.5871 0.186252 0.082693 0.775663 0.113225 0.17126 0.0137242 0.0954727 0.0259532 0.00708579 0.0199526 -0.097909 -0.0399329 -0.0671523
20.0663 0.176204 0.076918 0.769803 0.107349 0.0963023 -0.00320507 0.045997 -0.0209669 -0.0120509 -0.0122282 -0.842837 -0.154245 -0.565188
20.3249 0.11443 0.063489 0.728852 0.104305 0.177082 0.0281852 0.117951 -0.238903 -0.0519346 -0.158371 1.10775 0.429871 0.952796
20.383 0.104283 0.0619226 0.722864 0.103633 0.0814196 -0.00446226 0.0457238 -0.174482 -0.0269359 -0.102962 0.00422493 0.0275344 0.0924118
20.619 0.0633472 0.0570998 0.703714 0.100949 0.0619152 -0.00409894 0.0320352 -0.173485 -0.0204388 -0.0811564 0.256537 0.0830061 0.132005
20.8512 0.0368972 0.0568288 0.691988 0.0983756 0.037832 0.00624474 0.0113592 -0.113925 -0.00116729 -0.0505088 0.215615 0.190237 -0.0118439
20.8883 0.0329698 0.057047 0.690099 0.0979708 -0.0229198 0.00875941 0.0379945 -0.105931 0.00588573 -0.0509479 -0.479989 0.210329 0.332639
20.9512 0.0244018 0.0582505 0.68821 0.0972875 0.0128454 -0.00934177 0.0125512 -0.136139 0.0191228 -0.0300133 0.0865849 -0.0371057 0.0248963
21.5514 -0.026117 0.0563615 0.679165 0.0910056 -0.0167817 -0.00940133 0.00752443 -0.0841727 -0.00314735 -0.015071 0.270092 0.00872352 0.0507277
21.7952 -0.0305808 0.0561128 0.678506 0.0885705 -0.0284771 -0.0105733 0.00907309 -0.0183035 -0.00101989 -0.00269968 0.106732 -0.00484379 0.0614758
21.8558 -0.0312976 0.0560333 0.678568 0.0879764 -0.0636418 -0.000493502 -0.00298733 -0.0118452 -0.00131298 0.00102017 -0.317397 0.118116 -0.0895366
21.987 -0.0383153 0.0578943 0.677161 0.086702 -0.0381986 -0.00598475 0.00270131 -0.053488 0.014184 -0.0107271 0.11698 0.0125377 0.00750586
22.3563 -0.0421118 0.0648442 0.674222 0.0832124 0.0419729 -0.0560871 0.0458886 -0.0102782 0.0188151 -0.00795461 1.07721 -0.681545 0.557837
22.4873 -0.0249725 0.0556132 0.682753 0.0820089 -0.0195974 -0.0070924 0.01147 0.130835 -0.0704666 0.0651215 -0.0280367 0.117898 -0.0409579
22.8915 0.0233215 0.0463904 0.702381 0.0784047 0.049083 -0.0122411 0.036122 0.119505 -0.022822 0.0485698 0.223117 0.115455 0.0338249
23.1874 0.0782181 0.0497463 0.719714 0.0758665 0.115217 -0.0048163 0.0703667 0.185525 0.0113412 0.0585785 0.282397 0.127564 0.224572
23.3567 0.117734 0.0553249 0.736074 0.0744511 0.00895044 -0.0223141 0.0200335 0.233347 0.0329432 0.096608 -1.53242 -0.174485 -0.623296
23.4552 0.125852 0.056877 0.739543 0.0736401 0.159918 0.00824775 0.0846411 0.0824405 0.0157606 0.0352283 0.353845 0.194325 0.180396
23.6561 0.156693 0.0678851 0.7539 0.0720131 0.139785 -0.00479055 0.0769124 0.153523 0.0547978 0.0714673 -0.341708 -0.138278 -0.127123
23.8884 0.173916 0.0731527 0.763642 0.0701765 0.158694 0.00421349 0.0811157 0.0741427 0.0226753 0.0419361 -0.239321 -0.0585583 -0.164024
24.0909 0.179116 0.0753431 0.765407 0.0686135 0.203756 0.0241981 0.112075 0.0256742 0.0108158 0.00871711 0.291222 0.169037 0.222739
24.2559 0.191286 0.0817328 0.772914 0.0673655 0.184777 0.0136781 0.0998621 0.0737393 0.0387147 0.0454793 -0.139329 -0.0653412 -0.0563756
24.604 0.200072 0.0872919 0.781914 0.0648075 0.145458 -0.00565586 0.075799 0.0252408 0.0159704 0.0258558 -0.67296 -0.341488 -0.437087
24.7997 0.179235 0.0773373 0.770232 0.0634121 0.20091 0.0139985 0.0773067 -0.106466 -0.0508633 -0.0596879 0.387662 0.0881527 -0.186893
24.8916 0.172727 0.0734092 0.763173 0.0627677 -0.00704027 -0.0539609 0.109705 -0.0708595 -0.0427665 -0.076854 -2.0845 -0.693803 0.307418
24.9232 0.1684 0.0713622 0.761049 0.0625472 0.156003 0.00157678 0.0820525 -0.136797 -0.0647129 -0.0671298 0.00726556 0.0252245 -0.0115729
25.3587 0.110199 0.0479626 0.729617 0.0595898 0.0977272 -0.0155189 0.0541421 -0.133632 -0.0537269 -0.0721701 -0.00300616 0.0893313 0.0333095
25.6914 0.0654151 0.0399753 0.709296 0.0574256 0.0895119 -0.0142345 0.0426171 -0.134632 -0.0240118 -0.06109 0.435289 0.169086 0.125297
25.7913 0.0563102 0.0392639 0.704444 0.0567912 0.0429336 -0.0239923 0.0301471 -0.0911539 -0.00712278 -0.0485749 -0.0654369 0.041579 0.019129
26.0637 0.0266164 0.0404098 0.69263 0.0550961 0.0209041 -0.0207333 0.0198631 -0.108983 0.00420598 -0.043363 0.0429568 0.054774 0.0302159
26.3915 -0.00449145 0.0476737 0.681662 0.0531238 0.0203889 -0.0207608 0.0174094 -0.0949024 0.0221602 -0.0334585 0.393189 -0.0527582 0.120262
26.559 -0.00935645 0.0499053 0.679432 0.0521434 -0.0171984 -0.00882339 0.00561303 -0.0290459 0.0133236 -0.0133154 -0.0750319 0.0739344 -0.0180268
26.7911 -0.0201403 0.0569808 0.67537 0.0508146 -0.0155772 -0.0111592 0.00402192 -0.0464612 0.0304841 -0.0174995 0.0908956 -0.0583077 0.0149384
27.027 -0.0260421 0.0609271 0.672074 0.0494991 -0.0247855 -0.00294251 0.0017533 -0.0250236 0.0167323 -0.0139763 0.0251702 0.00804413 0.0221699
27.3269 -0.0312829 0.0666687 0.669877 0.0478753 0.052739 -0.049023 0.0409779 -0.017475 0.0191448 -0.00732752 1.01314 -0.620393 0.513467
27.4312 -0.0220731 0.0619103 0.674704 0.0473229 0.0547023 -0.017674 0.0247239 0.0882533 -0.0455975 0.0462563 0.81034 -0.1145 0.200464
27.6137 0.0210295 0.0497736 0.689824 0.046372 -0.000651075 -0.00132851 0.0134528 0.236155 -0.0664959 0.0828446 -0.540165 0.251945 -0.158725
27.8097 0.0465633 0.046417 0.699963 0.0453724 0.0877625 -0.0128559 0.0410157 0.130317 -0.0171308 0.0517446 0.331405 0.0999162 0.0842197
28.0628 0.100783 0.0484826 0.718457 0.0441129 0.0724072 -0.00721985 0.0530421 0.214203 0.00816031 0.0730626 -0.601847 0.115653 -0.0182132
28.1965 0.118663 0.0516404 0.727899 0.0434619 0.140524 -0.00649944 0.0660754 0.133745 0.0236215 0.0706277 0.0903556 0.0694897 0.0271034
28.3285 0.137887 0.0559679 0.737691 0.0428287 0.776446 0.181 0.350353 0.145669 0.0327919 0.0742045 7.52284 2.27135 3.33699
28.3718 0.158325 0.0616539 0.747173 0.0426228 0.124098 -0.0126256 0.0630511 0.471655 0.131216 0.218806 -0.953546 -0.241643 -0.403061
28.7962 0.186735 0.0738157 0.767432 0.0406576 0.198791 0.0156486 0.10269 0.0669357 0.0286541 0.0477322 0.0384707 0.0635852 0.0136586
28.9954 0.201593 0.0820459 0.777482 0.0397668 0.20347 0.0161284 0.108264 0.0745985 0.0413193 0.0504527 -0.0945153 -0.0437228 -0.0442463
29.4268 0.216185 0.0917341 0.791013 0.0379038 0.190656 0.009547 0.0931236 0.0338206 0.0224555 0.0313631 -0.38514 -0.219899 -0.371785
29.5631 0.213644 0.0907117 0.788385 0.0373338 0.164749 -0.00693702 0.0853661 -0.0186524 -0.00750441 -0.0192904 -0.611757 -0.374269 -0.379609
29.7991 0.175176 0.0680991 0.762693 0.0363667 0.167502 0.00674277 0.0838394 -0.163015 -0.0958243 -0.108871 0.039951 0.159302 0.00791745
30.1312 0.12544 0.0538456 0.727407 0.0350479 0.155869 0.0243811 0.099605 -0.149746 -0.0429152 -0.106241 0.483061 0.487187 0.620149
30.1998 0.117438 0.053195 0.723037 0.0347814 -0.358248 -0.0408976 -0.104493 -0.116593 -0.00947956 -0.0636801 -5.66463 -0.329322 -1.83781
30.2287 0.109351 0.0526468 0.719667 0.0346699 0.203305 0.027418 0.0625267 -0.280136 -0.0189874 -0.116739 1.3902 0.512471 0.276842
30.3287 0.095239 0.0558718 0.710762 0.0342865 0.0882214 -0.0118938 0.0372157 -0.141133 0.0322536 -0.0890584 0.020059 -0.0565214 0.0484405
30.7651 0.0374723 0.0591835 0.681123 0.0326623 0.134302 0.000699524 0.0477467 -0.13238 0.00758932 -0.0679204 1.26129 0.0821109 0.508963
30.8354 0.034402 0.0601239 0.678864 0.0324077 0.0210381 -0.00108271 0.00449048 -0.0436405 0.0133663 -0.0321119 -0.165645 0.0429832 -0.0250151
31.0953 0.0118667 0.0665024 0.668827 0.0314843 -0.0709755 0.0329023 -0.00180519 -0.0866968 0.024539 -0.0386141 -0.959952 0.364219 0.026221
31.163 0.00159862 0.0698327 0.666333 0.0312481 0.0499802 -0.0104479 0.00592148 -0.151681 0.0491949 -0.0368391 0.694285 -0.226089 0.14747
31.3312 -0.00427489 0.0717119 0.664309 0.0306691 0.0128157 0.00205502 -0.000876081 -0.0349273 0.011175 -0.0120399 0.189185 -0.0567733 0.0624498
31.5059 -0.00460316 0.0719315 0.664111 0.0300791 -0.0152551 0.0119327 -0.00453966 -0.00187924 0.00125745 -0.00113082 -0.182686 0.070529 0.00819964
31.6319 -0.00773848 0.073209 0.664099 0.0296606 0.0208724 -0.00133498 0.00557798 -0.0248909 0.0101415 -9.79742e-05 0.315425 -0.114719 0.128967
31.9632 0.0186404 0.0639758 0.678224 0.0285876 0.0866882 -0.0078138 0.0330378 0.0796168 -0.0278677 0.0426318 0.676597 -0.0404628 0.242718
32.2374 0.0913372 0.0532927 0.708161 0.027729 0.0761073 0.00131078 0.0361178 0.265133 -0.0389622 0.109183 -0.53107 0.210654 -0.154351
32.4671 0.124219 0.055462 0.725099 0.0270294 0.138032 -0.00443903 0.0653953 0.143106 0.00944099 0.0737165 -0.0499979 0.062719 0.0322199
32.6311 0.146336 0.0586953 0.738049 0.026541 0.148674 0.000153823 0.0820871 0.134909 0.0197228 0.0789985 -0.180676 0.0680072 0.0711808
32.765 0.161159 0.0625546 0.749901 0.0261488 0.181549 0.0062411 0.0881611 0.110721 0.0288274 0.088528 0.0626268 0.0850569 -0.00928853
33.0711 0.20093 0.0793546 0.776136 0.0252734 0.199121 0.0119947 0.103625 0.129896 0.05487 0.085684 -0.227893 -0.0764984 -0.137182
33.5027 0.214544 0.0887869 0.787564 0.024089 0.213668 0.0184926 0.120554 0.0315459 0.0218561 0.0264812 -0.112787 -0.0763345 -0.00805621
33.5989 0.216535 0.090183 0.790037 0.0238326 0.21887 0.018006 0.113586 0.0206958 0.0145127 0.0257062 -0.0628205 -0.0911499 -0.121493
33.7006 0.21799 0.0907163 0.791395 0.0235647 0.224612 0.0282868 0.123776 0.0143088 0.00524541 0.0133538 -0.00468671 0.0365469 -0.00177677
33.899 0.220645 0.0931964 0.793975 0.0230503 0.257681 0.0576133 0.144702 0.0133787 0.0124977 0.0130013 0.362534 0.352859 0.21959
33.9672 0.223244 0.0956905 0.795883 0.0228761 0.225119 0.0263815 0.124709 0.0381068 0.0365659 0.0279793 -0.0891007 -0.0803834 -0.061225
34.1992 0.227289 0.0998472 0.799079 0.0222935 0.218087 0.0213988 0.113907 0.0174377 0.017919 0.0137767 -0.201707 -0.170633 -0.215517
34.2803 0.227376 0.100178 0.798778 0.0220932 0.203165 0.0160399 0.105301 0.00107015 0.00407296 -0.0037115 -0.365657 -0.224388 -0.297123
34.6471 0.17859 0.071493 0.757456 0.0212102 0.165765 0.00264961 0.0814343 -0.133028 -0.0782173 -0.112676 -0.0851203 0.0491238 0.0304151
35.0389 0.113397 0.0483869 0.717975 0.0203058 0.128638 0.00450939 0.0582502 -0.166381 -0.0589689 -0.100758 0.28798 0.329752 0.213379
35.1436 0.0991357 0.0458274 0.709766 0.0200708 0.117453 -0.02121 0.0491336 -0.136236 -0.0244511 -0.0784223 0.292096 0.0128048 0.178053
35.337 0.0837133 0.0415777 0.701259 0.0196437 0.0495187 -0.02412 0.0184912 -0.0797468 -0.0219748 -0.0439882 -0.403854 0.0262863 -0.126868
35.5394 0.0510327 0.038207 0.687161 0.0192065 0.0617424 -0.0160835 0.0278014 -0.16148 -0.0166549 -0.0696641 0.225759 0.158261 0.18307
35.6672 0.0340803 0.038664 0.681247 0.0189354 0.0390727 -0.0217934 0.0141511 -0.132622 0.00357475 -0.0462632 0.12501 0.0619342 0.0640925
36.0032 0.00363266 0.046857 0.672938 0.0182409 0.00890724 -0.0113155 0.000351355 -0.090619 0.0243844 -0.0247284 0.0816559 0.0670136 -0.0261951
36.3034 -0.0162126 0.0602169 0.663154 0.0176419 0.0047385 -0.0146311 -0.00270198 -0.0661054 0.0445023 -0.0325923 0.24327 -0.156099 0.062951
36.537 -0.0183776 0.0620931 0.658975 0.0171894 0.0688395 -0.0538249 0.0308941 -0.00926636 0.00803025 -0.0178841 0.981135 -0.612653 0.502723
36.6361 -0.00967021 0.0568782 0.662136 0.0170011 0.0513605 -0.0165728 0.0181436 0.0879121 -0.0526511 0.0319091 0.559601 -0.0343355 0.256623
36.8449 0.0330855 0.0443872 0.679988 0.0166108 0.212353 -0.0118163 0.0821399 0.204761 -0.0598207 0.0854941 1.86033 0.181653 0.755537
36.9671 0.0858842 0.0397897 0.701716 0.0163866 0.0755295 -0.0113039 0.0327736 0.432084 -0.0376235 0.177817 -0.675328 0.219369 -0.202876
37.3104 0.154627 0.0527307 0.738852 0.0157727 0.122624 -0.0173655 0.0566093 0.200224 0.0376926 0.108164 -0.68755 -0.0914603 -0.288888
37.4829 0.168708 0.056511 0.748914 0.0154731 0.216877 0.0140104 0.0949268 0.0816431 0.0219185 0.0583394 0.407992 0.258778 0.105799
37.6357 0.190705 0.0659001 0.760296 0.0152124 0.179067 0.00136455 0.0881018 0.143977 0.0614548 0.0745034 -0.382018 -0.0500075 -0.131789
37.8042 0.20412 0.0748395 0.769111 0.0149298 0.197231 0.00614247 0.093596 0.0795713 0.053024 0.0522849 -0.255683 -0.0911663 -0.148184
38.0423 0.208573 0.0822956 0.773161 0.0145397 0.215608 0.015016 0.104852 0.0187093 0.031323 0.0170116 -0.0226168 -0.0506321 -0.0234719
38.2351 0.21134 0.0864527 0.775568 0.0142313 0.271496 0.0698116 0.124274 0.0143485 0.0215607 0.012486 0.622914 0.571357 0.186543
38.272 0.212721 0.0880294 0.776284 0.0141729 0.210569 0.013987 0.103062 0.0373652 0.0426723 0.0193788 -0.154428 -0.14457 -0.08574
38.672 0.202965 0.0819731 0.770321 0.0135564 0.174256 -0.0016679 0.0831677 -0.0243935 -0.0151439 -0.0149104 -0.409647 -0.19806 -0.217575
38.9051 0.175023 0.0676826 0.755025 0.0132095 0.231839 0.0346211 0.0951045 -0.119877 -0.0613093 -0.0656245 0.725491 0.46253 0.165674
38.977 0.170154 0.0656658 0.751161 0.0131042 -0.000971398 -0.0781603 0.0313096 -0.067675 -0.0280283 -0.0537036 -2.08349 -0.910904 -0.570973
39.0714 0.145191 0.0548992 0.741 0.0129673 0.159643 0.009234 0.0698289 -0.264391 -0.114033 -0.107613 0.369547 0.367271 0.0749156
39.2741 0.106781 0.0468753 0.722264 0.0126782 0.105906 -0.014991 0.0506678 -0.189479 -0.0395824 -0.0924267 0.10298 0.0912198 0.0530806
39.8488 0.0319023 0.0542527 0.686679 0.0118933 0.0410037 -0.00285946 0.0230831 -0.130301 0.0128378 -0.0619236 0.157954 0.0919721 0.11592
40.0761 0.0104441 0.0619239 0.678593 0.0115964 0.0510979 -0.0137242 0.0161117 -0.0943941 0.0337455 -0.0355719 0.499572 -0.154445 0.100614
40.2077 0.00667163 0.0636904 0.675654 0.011428 0.0115221 -0.00272529 0.0129537 -0.028678 0.013429 -0.0223367 -0.00406746 -0.0210301 0.0834901
40.3427 0.0027238 0.0651206 0.674161 0.0112576 0.00894355 0.00308752 0.00552488 -0.0292274 0.0105884 -0.0110594 0.0127178 0.0349493 -0.000532037
40.6431 -0.00490867 0.0714555 0.67079 0.0108877 0.00543099 0.00333944 0.00349599 -0.0254068 0.0210875 -0.0112192 0.0575954 -0.0498605 0.015453
41.0751 -0.00513744 0.0712617 0.668827 0.010377 -0.00179973 0.000737117 0.00268061 -0.000529649 -0.000448746 -0.00454462 -0.0548483 -0.0557089 0.0215685
41.2409 -0.00673369 0.0696552 0.668667 0.0101874 -0.00354568 -0.00365003 -0.00450394 -0.00962547 -0.00968729 -0.000967783 -0.0472136 -0.0793169 -0.0673079
