t x y z s fx fy fz dx dy dz ddx ddy ddz
0 0.169264 0.0710481 0.773529 1 -0.00304702 -0.000462066 -0.00216715 0 0 0 -0.0810557 -0.0122917 -0.0576499
0.273701 0.163192 0.0701273 0.76921 0.935139 0.00537559 0.00919732 0.00264351 -0.022185 -0.00336426 -0.0157789 -0.0311527 0.229507 0.0846148
0.340902 0.16156 0.0709376 0.768532 0.919869 0.0141424 -0.00405322 0.00688502 -0.0242785 0.0120588 -0.0100927 0.15898 -0.192454 0.169436
0.404947 0.160657 0.0709205 0.76858 0.905547 0.000119624 -0.00200671 -0.00467344 -0.0140967 -0.000266938 0.000758874 -0.300034 -0.118754 -0.195652
0.57578 0.149493 0.0674092 0.763 0.868427 0.00961588 -0.000795082 -0.000220978 -0.0653524 -0.0205541 -0.0326649 0.149205 0.0278794 0.0717059
0.909601 0.144304 0.0636546 0.760086 0.800225 0.0173352 -0.00283609 0.00148885 -0.0155445 -0.0112474 -0.00872797 -0.034393 0.00120889 -0.00750652
1.0463 0.141536 0.0621397 0.758753 0.773868 0.016235 -0.00635336 -0.00239146 -0.0202458 -0.0110821 -0.00975408 -0.136712 -0.0718176 -0.128952
1.17594 0.136614 0.0594958 0.755321 0.749673 0.00303224 -0.0121545 -0.00753143 -0.0379702 -0.0203931 -0.0264724 -0.459716 -0.151428 -0.186136
1.44182 0.0940216 0.0433696 0.735125 0.702394 0.0021254 -0.00990236 0.0133482 -0.160196 -0.0606539 -0.075961 0.656831 0.398522 0.923605
1.47324 0.089636 0.041857 0.73365 0.697007 -0.0202714 -0.0232115 -0.0172439 -0.139555 -0.04813 -0.046936 0.0963231 0.0509547 0.0685067
1.87335 0.0492194 0.030757 0.725838 0.631922 -0.0431654 -0.0314123 -0.0183052 -0.101016 -0.0277429 -0.0195262 0.0809497 0.0317513 0.0442719
2.20903 0.0244317 0.025022 0.724272 0.582028 -0.0565228 -0.0352321 -0.0153107 -0.0738419 -0.0170844 -0.00466476 0.0215354 0.0206786 0.0239671
2.3414 0.0150347 0.0231229 0.724074 0.563455 -0.0679532 -0.0356222 -0.0160364 -0.0709913 -0.0143472 -0.00149227 -0.150577 0.0406598 -0.0371884
2.68822 -0.0276988 0.0230377 0.719083 0.517554 -0.0929867 -0.0328339 -0.0179879 -0.123215 -0.000245566 -0.01439 0.169611 0.0498196 -0.0234076
2.94239 -0.0480591 0.0261938 0.713914 0.486306 -0.0945525 -0.0289086 -0.0187681 -0.0801045 0.0124172 -0.0203395 0.379855 0.0171942 0.0409675
3.05674 -0.0522521 0.0278385 0.712123 0.47287 -0.119824 -0.0269628 -0.0236646 -0.0366685 0.0143833 -0.015655 -0.364676 0.0106539 -0.0814267
3.17704 -0.0619411 0.0297231 0.709062 0.459136 -0.131692 -0.0133316 -0.0250099 -0.0805395 0.015665 -0.0254507 -0.400529 0.309993 -0.0417087
3.28183 -0.0747792 0.0347687 0.705937 0.447498 -0.112117 -0.0263699 -0.0267277 -0.122511 0.0481495 -0.0298214 0.491883 -0.256911 -0.0186618
3.38521 -0.0821874 0.0370007 0.702654 0.436305 -0.131743 -0.0150044 -0.0281642 -0.0716604 0.02159 -0.0317506 -0.0211498 0.0410263 0.0111943
4.07837 -0.142021 0.0716775 0.686025 0.368158 -0.153583 0.0349089 -0.0434942 -0.0863205 0.0500276 -0.0239913 0.616253 0.328606 -0.117829
4.1469 -0.145042 0.0766492 0.683827 0.362028 -0.175267 0.0291665 -0.0426566 -0.0440881 0.0725473 -0.0320662 -0.0173985 -0.0144923 -0.0309317
4.24858 -0.149705 0.083876 0.680247 0.35312 -0.176184 0.0299254 -0.0396482 -0.0458572 0.0710737 -0.0352113 0.033114 -0.189587 0.132851
4.34505 -0.153821 0.0889682 0.678086 0.344872 -0.176214 0.0374507 -0.0424358 -0.0426626 0.0527837 -0.0223948 0.0847821 -0.0874048 0.0681067
4.64485 -0.158991 0.0969368 0.677494 0.320448 -0.174378 0.0448341 -0.0425961 -0.0172451 0.02658 -0.00197664 0.0644051 -0.0585702 -0.0209936
4.77746 -0.160145 0.0994316 0.676863 0.310203 -0.173664 0.0463271 -0.0414994 -0.00870419 0.0188128 -0.00476067 0.0324197 -0.0742679 0.00978322
5.12155 -0.159302 0.0971117 0.676383 0.285123 -0.162922 0.0366462 -0.0359365 0.00245113 -0.0067421 -0.00139435 0.118989 -0.227708 0.109104
5.31352 -0.154446 0.0874258 0.680136 0.272023 -0.0579692 -0.107087 0.0132413 0.0252934 -0.0504551 0.0195504 2.64894 -3.69922 1.23974
5.34546 -0.150936 0.0820413 0.682025 0.269903 -0.153347 0.0359466 -0.0333131 0.109893 -0.168597 0.0591441 -0.195632 0.528501 -0.14765
5.47747 -0.139839 0.0689948 0.687259 0.261313 -0.143416 0.0264723 -0.0287461 0.0840672 -0.0988298 0.0396529 -0.21665 0.451218 -0.137326
5.57752 -0.133597 0.0636236 0.689852 0.254985 -0.126337 0.00715385 -0.0214439 0.0623922 -0.0536872 0.0259139 0.0852876 -0.0318612 0.00717017
6.11317 -0.0757045 0.0257239 0.70579 0.223624 -0.0610848 -0.021736 -0.00925516 0.108077 -0.0707538 0.0297547 -0.0154448 0.225379 -0.168503
6.31957 -0.0540554 0.0207217 0.704753 0.212596 -0.0400429 -0.0296443 -0.00130529 0.104889 -0.0242355 -0.00502439 -0.0900582 0.0292883 0.129829
6.48247 -0.0393589 0.017551 0.70738 0.204278 0.031222 -0.0325456 0.00446318 0.0902189 -0.0194645 0.0161245 1.39984 0.0189918 0.145371
6.59198 -0.0126916 0.0156472 0.710889 0.19887 -0.0055411 -0.0322949 0.00111447 0.243515 -0.0173847 0.0320441 -0.684646 0.0673837 -0.0864549
6.78583 0.00878624 0.0148093 0.713852 0.189645 0.0332243 -0.0353123 0.0108377 0.110794 -0.00432212 0.0152845 0.0357699 -0.028454 0.113611
7.01371 0.0358914 0.0123468 0.723235 0.179347 0.0515838 -0.0351267 0.0139519 0.118945 -0.0108062 0.0411741 -0.277951 0.0498507 -0.136676
7.18128 0.0480182 0.0119358 0.726296 0.172133 0.0752948 -0.0359464 0.0246029 0.0723692 -0.00245275 0.0182714 0.0978187 0.0138023 0.104342
7.38106 0.0663803 0.0119967 0.734111 0.16391 0.0879276 -0.0350853 0.0292408 0.0919115 0.000304684 0.039117 -0.150335 0.022486 -0.047282
7.64917 0.0802162 0.0136948 0.7412 0.153489 0.170561 -0.0194146 0.0594946 0.0516049 0.00633344 0.0264401 1.71329 0.372181 0.576913
7.71504 0.0910483 0.0157266 0.745444 0.151032 0.103779 -0.0327276 0.0373001 0.164454 0.0308479 0.0644396 -0.634602 -0.0961514 -0.222055
7.89237 0.100256 0.0181733 0.749889 0.14461 0.138948 -0.0224642 0.0500695 0.0519232 0.0137978 0.0250638 0.285307 0.147635 0.0794159
8.21312 0.146263 0.0377882 0.766099 0.133681 0.146741 -0.00838962 0.0542181 0.143437 0.0611525 0.0505368 -1.01446 -0.120449 -0.325319
8.28213 0.151331 0.0414349 0.768037 0.131439 0.183286 -0.00163569 0.0688698 0.0734258 0.05284 0.0280856 -0.0239536 -0.0196583 0.0615246
8.45043 0.163009 0.0497707 0.774506 0.12613 0.194027 0.00710523 0.0728686 0.0693946 0.0495316 0.0384397 -0.0711192 -0.0049117 -0.0401329
8.75084 0.177438 0.0642075 0.782432 0.11718 0.207322 0.0189149 0.0806335 0.0480293 0.048056 0.0263832 -0.104043 -0.0778637 -0.0347925
9.04979 0.182498 0.0716151 0.78721 0.108904 0.214836 0.0269362 0.0856709 0.0169261 0.024779 0.0159821 -0.0143128 -0.0122362 -0.0207654
9.2182 0.184943 0.0754411 0.789313 0.104501 0.220041 0.033415 0.0890591 0.0145156 0.0227183 0.0124849 0.0384706 0.060002 0.0123805
9.46134 0.190746 0.084512 0.79308 0.0984577 0.222368 0.03514 0.0903463 0.0238694 0.0373072 0.0154951 -0.112445 -0.174564 -0.0736333
9.75037 0.188252 0.0807122 0.791407 0.0917266 0.190394 0.00105145 0.0722885 -0.00863047 -0.0131468 -0.00578696 -0.859637 -0.865195 -0.473208
9.85386 0.178152 0.0700851 0.78574 0.08943 0.15874 -0.0111132 0.0600092 -0.0975952 -0.102687 -0.0547597 -1.23509 -0.694738 -0.537469
9.91714 0.167031 0.060806 0.780123 0.0880542 0.197409 0.0155441 0.0786586 -0.175746 -0.146646 -0.0887681 0.267094 0.364812 0.186039
10.119 0.142436 0.0460692 0.769785 0.0838044 0.150655 -0.00855026 0.0580583 -0.121819 -0.0729905 -0.0512066 -0.476116 -0.0624872 -0.18536
10.2855 0.108962 0.0321866 0.756123 0.080455 0.124485 -0.013834 0.044873 -0.201079 -0.0833929 -0.0820639 -0.113297 0.188547 -0.10641
10.45 0.0728296 0.0235716 0.73975 0.0772777 0.102819 -0.0226802 0.0373425 -0.219711 -0.0523857 -0.0995632 0.296828 0.106285 0.163696
10.817 0.0321749 0.0186626 0.725259 0.0706315 0.046342 -0.0240395 0.0201333 -0.110763 -0.0133744 -0.0394797 -0.423101 0.103007 -0.0657313
10.954 0.00906105 0.0187636 0.718617 0.0683001 0.036771 -0.0240261 0.0157562 -0.168724 0.000736751 -0.0484844 0.0611099 0.0653908 0.0109773
11.4184 -0.0561135 0.0332075 0.698469 0.0609547 0.014561 -0.00294648 0.010562 -0.140346 0.0311033 -0.0433866 1.09252 0.164263 0.381006
11.4592 -0.0600204 0.0347495 0.697333 0.0603486 -0.0318855 0.00856692 -0.00616135 -0.0957827 0.0378034 -0.0278458 -0.148762 0.413132 -0.0719169
11.4853 -0.0626283 0.0360214 0.696556 0.059963 -0.0149065 -0.0118382 -0.000595476 -0.0996749 0.0486126 -0.0297274 0.379232 -0.189514 0.100491
11.6539 -0.0686538 0.0388306 0.6944 0.0575367 -0.0544127 0.0130922 -0.0139898 -0.0357421 0.0166635 -0.0127862 -0.678057 0.47318 -0.243956
11.817 -0.0925146 0.0541317 0.685827 0.0552831 -0.0607111 0.0286387 -0.0225631 -0.146317 0.0938278 -0.0525696 0.0387302 0.294454 -0.154109
12.0172 -0.120262 0.0847289 0.66912 0.0526361 -0.0655737 0.032185 -0.0313613 -0.138561 0.152793 -0.0834303 0.613192 -0.567389 0.124073
12.1853 -0.126233 0.0943836 0.658605 0.0505134 -0.039507 -0.0108812 -0.0178837 -0.0355363 0.0574637 -0.0625844 1.2076 -1.74459 0.708197
12.2938 -0.115874 0.0800839 0.660151 0.0491883 -0.0625469 0.0321725 -0.0292751 0.0954757 -0.131807 0.0142479 -0.000504712 0.23047 0.178416
12.5529 -0.091164 0.0614038 0.675827 0.046162 -0.0208036 0.00729968 -0.0163654 0.0953449 -0.0720769 0.0604877 0.434785 -0.0786115 -0.0116496
12.7267 -0.0614665 0.046505 0.685987 0.0442379 -0.00431952 -0.000705095 -0.00763395 0.170899 -0.0857374 0.0584633 -0.108006 0.135871 -0.0489138
13.1533 -0.00821931 0.0346554 0.702025 0.0398478 0.0531189 -0.00645941 0.00965799 0.124827 -0.027779 0.0375981 0.0868161 0.15689 0.0247329
13.2867 0.00998102 0.0337419 0.707482 0.0385662 0.0684447 -0.0103998 0.014616 0.13641 -0.00684615 0.0408981 -0.0248884 0.0256213 0.000884317
13.3852 0.0231759 0.0333162 0.711519 0.0376466 0.0823111 -0.0103594 0.0196562 0.133958 -0.00432244 0.0409852 -0.00669945 0.0313407 0.0254048
13.7255 0.0679853 0.0354745 0.728407 0.0346351 0.127345 -0.00469879 0.040048 0.131679 0.00634262 0.0496303 -0.0133392 0.0969178 0.0916048
13.8531 0.0845753 0.037863 0.736235 0.0335687 0.124821 -0.00729229 0.0424514 0.129976 0.0187131 0.0613226 -0.524141 -0.0658294 -0.0827681
13.9532 0.0923338 0.0390766 0.741543 0.0327555 0.150914 -0.00233018 0.0503731 0.0775143 0.0121242 0.0530383 0.0835299 0.048969 0.00472332
14.3221 0.132299 0.0502143 0.761753 0.0299246 0.180896 0.00621793 0.0655887 0.10833 0.03019 0.0547809 -0.272314 -0.0649839 -0.138308
14.4531 0.141817 0.0530538 0.766556 0.0289795 0.190752 0.0100324 0.0711396 0.0726618 0.0216782 0.0366648 -0.18409 -0.0194886 -0.0773085
14.6082 0.148658 0.0559475 0.770383 0.0278989 0.191983 0.00964446 0.0696844 0.0441069 0.0186552 0.0246732 -0.271874 -0.100388 -0.191597
14.6893 0.150447 0.0568002 0.771123 0.0273499 0.203713 0.014621 0.0766759 0.0220544 0.0105125 0.00913218 0.0417607 0.0282847 0.0104916
14.9571 0.159347 0.061643 0.774321 0.0256132 0.209576 0.01826 0.0790147 0.0332365 0.0180862 0.0119415 -0.0760288 -0.0230376 -0.0227364
15.2213 0.162821 0.0648134 0.775889 0.0240076 0.210483 0.0207726 0.0817104 0.0131484 0.0119992 0.00593414 -0.106147 -0.0272334 0.0181394
15.2892 0.163224 0.0655022 0.776375 0.0236118 0.214625 0.0223034 0.0814164 0.00594668 0.0101515 0.00716484 0.00807042 -0.000727315 -0.00638276
15.5894 0.165737 0.068484 0.777951 0.0219375 0.216181 0.0238997 0.0837477 0.00836928 0.00993322 0.00524885 -0.0331512 -0.0382935 0.0147117
15.7585 0.166204 0.0690686 0.779259 0.021047 0.21378 0.0231724 0.0817384 0.00276215 0.00345634 0.00773715 -0.101455 -0.0584363 -0.0813676
15.9213 0.163965 0.0680826 0.778363 0.0202241 0.208578 0.020779 0.0778207 -0.0137537 -0.00605651 -0.0055087 -0.145904 -0.0738469 -0.131965
16.2972 0.138175 0.0553696 0.757642 0.0184445 0.173915 0.00714604 0.0433551 -0.0686033 -0.0338177 -0.0551182 -0.262102 -0.0335739 -0.383361
16.3571 0.133123 0.0532227 0.752963 0.0181757 0.15618 0.00404746 0.0442548 -0.0843082 -0.0358294 -0.0780888 -0.56374 -0.0543021 -0.180875
16.6258 0.0697837 0.0396774 0.718929 0.0170178 0.119619 -0.0024361 0.0259434 -0.235762 -0.0504182 -0.126683 0.502033 0.167412 0.350538
16.8575 0.0421091 0.0369832 0.708395 0.0160786 0.0991989 -0.00266836 0.0205667 -0.119438 -0.0116276 -0.0454605 0.412625 0.139918 0.292463
16.8911 0.038561 0.0367505 0.707198 0.0159468 0.0925996 -0.0265903 0.0274895 -0.10557 -0.00692506 -0.0356311 0.297671 -0.501539 0.484809
16.927 0.0351557 0.035856 0.706543 0.0158072 0.0770154 -0.010893 0.0136857 -0.0948866 -0.0249247 -0.0182318 -0.05256 -0.0174441 0.0933153
17.193 0.0061964 0.0279916 0.708296 0.0148098 0.0513705 -0.0148807 0.0119169 -0.108868 -0.0295649 0.00659043 0.0629001 0.0959903 -0.0615567
17.6935 -0.0325371 0.0372423 0.696173 0.0131005 0.0275183 -0.00714891 0.00325404 -0.0773839 0.0184817 -0.0242209 0.37362 -0.059992 0.10017
17.7934 -0.0365388 0.0384896 0.694753 0.0127839 0.0116232 -0.00423322 0.000411161 -0.0400791 0.0124917 -0.0142193 -0.0334202 -0.00158939 0.0378408
17.9265 -0.0424655 0.0401241 0.693531 0.0123738 0.0083997 -0.00280615 -0.000974171 -0.0445274 0.0122801 -0.00918258 0.0466168 -0.00690555 0.0206443
18.2575 -0.0520962 0.043432 0.692753 0.01141 0.0107106 -0.00422107 0.00439934 -0.0290988 0.00999461 -0.00235002 0.321802 -0.12781 0.16597
18.3259 -0.0525799 0.0435171 0.69337 0.0112201 -0.00961448 0.00186125 -0.00801423 -0.00706345 0.00124284 0.00901472 -0.259579 0.0524098 -0.208118
18.3937 -0.0542525 0.0438423 0.693025 0.0110353 -0.000305419 0.00049964 -0.00132664 -0.0246655 0.00479675 -0.00509777 0.0733246 -0.00105576 0.0121634
18.6609 -0.0556093 0.0450483 0.692531 0.0103362 -0.00165607 -0.00286402 0.000520409 -0.00507949 0.00451474 -0.00184875 0.0226997 -0.122458 0.0652154
