t x y z s fx fy fz dx dy dz ddx ddy ddz
0 0.164785 0.05631 0.633519 1 -5.10927e-05 0.0031155 -0.00113612 0 0 0 -0.00144432 0.0880711 -0.0321165
0.0776241 0.164776 0.0568406 0.633325 0.979992 -0.00180126 -0.000584914 0.000235804 -0.000112114 0.00683644 -0.00249302 -0.024604 -0.0296814 0.0415732
0.132069 0.164697 0.0571248 0.633313 0.966198 -0.00368245 -0.000717446 -0.00379286 -0.00145167 0.00522044 -0.000229574 -0.0543842 -0.0241808 -0.0617326
0.367827 0.161332 0.0570116 0.629827 0.908674 -0.00737674 -0.00264614 -0.00662828 -0.0142732 -0.000480373 -0.0147835 0.0428631 -0.00605613 0.0599498
0.567178 0.16019 0.0566752 0.629263 0.862713 -0.0140267 -0.00278094 -0.012699 -0.00572838 -0.00168767 -0.0028325 -0.0752134 0.0466645 -0.0727772
0.668849 0.15883 0.0569859 0.628222 0.840176 -0.0160602 -0.0074593 -0.0115392 -0.0133754 0.00305675 -0.0102318 -0.0458727 -0.0848075 0.0341855
0.845469 0.155037 0.0548803 0.627482 0.802415 -0.0221865 -0.00934869 -0.0144282 -0.0214774 -0.011922 -0.00419398 -0.0426717 -0.00469748 0.00185023
1.02096 0.149954 0.0526434 0.626802 0.766576 -0.0337802 -0.0142935 -0.0190999 -0.0289658 -0.0127463 -0.00386928 -0.161592 -0.0448793 -0.070401
1.33994 0.124272 0.0440112 0.618405 0.705483 -0.059384 -0.02332 -0.0297986 -0.0805106 -0.0270619 -0.0263258 0.0496609 0.0386158 -0.00803984
1.73943 0.100034 0.0393631 0.606605 0.635791 -0.206673 -0.0271777 -0.110519 -0.0606714 -0.0116351 -0.0295377 -3.38919 0.0886255 -1.86762
1.80476 0.0816047 0.0389812 0.596704 0.625067 -0.0997567 0.0189218 -0.0667525 -0.282094 -0.00584506 -0.151553 0.727864 1.39821 -0.0296024
1.84015 0.0725328 0.0405256 0.591303 0.619334 -0.11693 -0.0288782 -0.0596403 -0.256334 0.043639 -0.1526 0.441114 -0.116322 0.333397
2.03632 0.0392234 0.0446099 0.574198 0.588496 -0.149116 -0.0211659 -0.0782397 -0.169803 0.0208207 -0.0871995 0.293817 0.0734323 0.161461
2.13598 0.0252195 0.0474141 0.567111 0.573423 -0.169137 -0.0202725 -0.0861915 -0.140522 0.0281387 -0.0711089 0.069119 0.0153342 0.113742
2.50404 -0.0171382 0.0598483 0.556347 0.521022 -0.197354 -0.0133037 -0.0986246 -0.115082 0.0337826 -0.0292445 0.472074 -0.103307 0.0212909
2.63699 -0.0240941 0.0625137 0.552835 0.503295 -0.209879 -0.00707755 -0.0942752 -0.0523188 0.0200477 -0.0264138 0.178779 0.0490361 0.256856
2.73787 -0.0275526 0.0650352 0.552785 0.490248 -0.219359 -0.00721029 -0.10236 -0.0342834 0.0249945 -0.000501939 -0.0202151 -0.0260209 -0.0206788
3.04438 -0.0399597 0.0702516 0.550688 0.452645 -0.231614 -0.00224283 -0.106474 -0.0404794 0.017019 -0.00684005 0.04821 0.0230802 -0.0182133
3.37745 -0.048094 0.0784805 0.54639 0.415046 -0.23755 -0.00233683 -0.10906 -0.0244222 0.0247063 -0.0129063 0.118212 -0.195665 0.0890059
3.50376 -0.0492927 0.0784793 0.54618 0.401618 -0.225407 -0.00345992 -0.107176 -0.00949006 -9.32666e-06 -0.00166347 0.47492 -0.152043 0.135306
3.57254 -0.0476988 0.0777594 0.546705 0.39449 -0.237538 -0.0034433 -0.107387 0.023174 -0.0104665 0.00764258 0.0135194 -0.0979638 0.0992003
3.70496 -0.044393 0.0746555 0.549457 0.38112 -0.224665 -0.0123069 -0.100309 0.0249643 -0.0234393 0.0207791 0.296682 -0.215193 0.203748
3.93989 -0.0221542 0.0572724 0.565583 0.358507 -0.191188 -0.0260623 -0.0860984 0.0946627 -0.0739939 0.0686449 0.467273 0.0368178 0.0546968
4.17206 0.0250117 0.0420777 0.584469 0.337478 -0.156808 -0.0342602 -0.0717437 0.203151 -0.0654458 0.081344 -0.141353 0.233112 -0.0811874
4.37518 0.0604433 0.0384019 0.597642 0.320094 -0.144951 -0.0351826 -0.067002 0.174439 -0.0180969 0.0648535 -0.712781 0.207857 -0.25773
4.47756 0.0708313 0.0387279 0.60158 0.311674 -0.119651 -0.0388001 -0.0570727 0.101464 0.0031838 0.0384668 -0.0958812 0.0506298 -0.0119183
4.63798 0.0846408 0.0405416 0.607444 0.298924 -0.0852341 -0.0360282 -0.0417618 0.0860826 0.0113059 0.0365549 0.54199 0.0693748 0.274704
4.80546 0.11426 0.0443809 0.621272 0.28617 -0.081374 -0.034012 -0.0410387 0.176853 0.0229246 0.0825615 -0.399245 0.000662901 -0.197309
5.03784 0.133798 0.0497439 0.629802 0.269369 -0.0588219 -0.0291122 -0.0300343 0.0840776 0.0230787 0.0367111 -0.0578048 0.00325177 0.00796816
5.23767 0.148291 0.0544856 0.637457 0.255712 -0.0410688 -0.0231669 -0.0212846 0.0725262 0.0237285 0.0383034 0.0811565 0.0486957 0.0506991
5.47388 0.16995 0.0628076 0.649333 0.240459 -0.0296275 -0.0187349 -0.0151841 0.0916964 0.035231 0.0502792 -0.236521 -0.0757591 -0.125227
5.70571 0.178497 0.0669035 0.654259 0.226375 -0.0122209 -0.0110602 -0.00427337 0.0368653 0.0176682 0.0212486 0.17074 0.0832881 0.133642
5.77399 0.18181 0.0684983 0.656333 0.222386 -0.0261076 -0.0178656 -0.0150869 0.0485241 0.0233555 0.0303743 -0.339823 -0.164738 -0.249134
5.8735 0.183274 0.0691912 0.656889 0.216698 -0.0147962 -0.0120415 -0.00781618 0.0147083 0.00696239 0.0055829 0.0313917 0.0272051 0.00995397
6.30565 0.195492 0.0772806 0.661161 0.193638 -0.00712055 -0.00691638 -0.0055441 0.0282742 0.0187191 0.00988452 -0.101616 -0.0642578 -0.0307833
6.53399 0.19665 0.0782046 0.661813 0.182461 -0.00511604 -0.0056197 -0.00515982 0.00507114 0.00404634 0.00285539 -0.00461303 -0.00593031 -0.00765626
6.67335 0.197268 0.0786533 0.662062 0.175959 -0.00511263 -0.00744959 -0.00481994 0.00442829 0.00321991 0.00178845 -0.0119567 -0.0620341 0.00512125
6.77859 0.197601 0.0783051 0.662307 0.171203 -0.00390126 -0.00482204 -0.00485931 0.00316996 -0.00330856 0.00232741 0.0221677 0.0431428 0.00122056
7.11595 0.201194 0.0820992 0.663231 0.156807 -0.0113492 -0.00842205 -0.00891406 0.0106486 0.0112463 0.00273918 -0.290286 -0.188908 -0.12392
7.48121 0.166355 0.0610042 0.647699 0.142582 -0.086627 -0.0382421 -0.024031 -0.0953807 -0.0577538 -0.0425238 -1.14703 -0.247481 0.0187091
7.64129 0.121695 0.0454175 0.641371 0.136761 -0.0404945 -0.0238355 -0.0488529 -0.278994 -0.0973699 -0.0395289 1.89133 0.706122 -0.504942
7.7737 0.117913 0.0449049 0.627284 0.132127 -0.124238 -0.0492396 -0.0375576 -0.0285616 -0.00387159 -0.106389 -0.996322 -0.229497 0.386993
7.91176 0.0949787 0.0399959 0.619972 0.127462 -0.117645 -0.0450208 -0.0520169 -0.166115 -0.0355562 -0.0529601 0.192184 0.113108 0.0552427
8.14254 0.0668784 0.0378143 0.610692 0.120028 -0.147306 -0.0481056 -0.0610842 -0.121763 -0.00945337 -0.0402112 0.045504 0.0286902 0.0376128
8.34182 0.0444211 0.0370698 0.604173 0.11396 -0.156658 -0.0468417 -0.0662536 -0.112695 -0.00373612 -0.0327159 0.400861 0.0768134 0.0638419
8.47802 0.0365082 0.0379858 0.600901 0.109989 -0.178462 -0.0463832 -0.0730641 -0.0580978 0.00672586 -0.0240207 -0.124737 0.0412267 -0.0535931
8.77756 0.00791353 0.0436996 0.588897 0.101737 -0.19067 -0.0441044 -0.0819822 -0.0954617 0.0190749 -0.040074 0.443598 -0.0792061 0.0837678
8.87984 0.00279029 0.044822 0.585675 0.0990637 -0.204715 -0.04027 -0.0868899 -0.0500909 0.0109738 -0.0315063 0.0801074 0.0205012 0.017556
8.97939 -0.00140242 0.0461176 0.582713 0.096529 -0.212474 -0.0384966 -0.0904229 -0.0421161 0.0130147 -0.0297586 -0.0375919 0.0312715 -5.834e-05
9.54553 -0.0372951 0.0635089 0.565846 0.0832992 -0.213126 -0.0363452 -0.0945007 -0.0633986 0.0307189 -0.0297916 1.02948 -0.431651 0.376837
9.60977 -0.0371193 0.0637009 0.565488 0.0819175 -0.244977 -0.024764 -0.105124 0.00273756 0.00298874 -0.00558282 -0.0413121 -0.0382559 0.0270438
9.68122 -0.0371346 0.0637192 0.565227 0.0804077 -0.240485 -0.0243347 -0.105068 -0.00021419 0.00025536 -0.00365055 0.095492 -0.0182816 0.0328845
9.91217 -0.032091 0.0628031 0.566138 0.0757153 -0.225919 -0.031082 -0.098458 0.0218391 -0.00396667 0.00394394 0.314974 -0.167956 0.180203
10.1158 -0.0145839 0.0550312 0.574413 0.0718057 -0.151765 -0.0567384 -0.073841 0.0859763 -0.0381671 0.0406381 1.75917 -0.583318 0.553912
10.1773 -0.00262725 0.0504721 0.579012 0.0706641 -0.199648 -0.0365605 -0.0805442 0.194255 -0.074071 0.074732 -0.204711 0.20784 0.149507
10.4807 0.0374654 0.0471307 0.615447 0.0652969 -0.111479 -0.0415933 -0.0558577 0.132147 -0.0110135 0.120091 1.3183 0.00572514 -0.291091
10.6777 0.114636 0.0451835 0.627808 0.0620328 -0.0818645 -0.040682 -0.0397172 0.391804 -0.00988584 0.0627573 -0.678374 0.086802 -0.0355065
11.1197 0.155278 0.0577738 0.648611 0.055289 0.383335 0.111561 0.103851 0.0919435 0.0284831 0.0470624 12.0902 3.94403 3.48239
11.1467 0.166572 0.0614174 0.65242 0.0549017 -0.0383976 -0.0248998 -0.0178594 0.418342 0.13496 0.141076 -0.975683 -0.285377 -0.303131
11.5137 0.188704 0.0725142 0.66337 0.0498992 -0.0132381 -0.0103315 -0.00726162 0.0603142 0.0302406 0.0298422 0.0215859 0.0823167 -0.0260731
11.6281 0.19589 0.0770538 0.666444 0.0484341 0.00288908 0.0016286 -0.00294375 0.0627849 0.0396623 0.0268579 0.269977 0.269665 0.0183268
11.7162 0.203509 0.0826346 0.668951 0.0473367 -0.00724206 -0.00713916 -0.00475178 0.0865497 0.0633996 0.0284711 -0.290456 -0.194917 -0.10644
11.9156 0.209217 0.0875258 0.670395 0.0449413 0.00541597 0.00344688 -0.000243187 0.0286202 0.0245247 0.0072424 0.0555668 0.0666503 0.0366241
12.1156 0.217164 0.0950971 0.673309 0.0426609 0.00901366 0.0068719 0.0003153 0.0397339 0.0378552 0.0145675 -0.0925443 -0.0820825 -0.0458355
12.5461 0.21712 0.096183 0.671086 0.0381379 -0.0109269 -0.0089467 -0.0124909 -0.000101991 0.00252259 -0.00516253 -0.548447 -0.466287 -0.289914
12.6841 0.20666 0.0876496 0.664852 0.0367918 -0.0244506 -0.013493 -0.0190089 -0.0757941 -0.0618305 -0.0451741 -0.441922 -0.189578 -0.195204
12.847 0.182577 0.0725418 0.652309 0.0352636 -0.0588472 -0.0241603 -0.0372964 -0.147801 -0.0927203 -0.0769806 -0.54945 0.0155157 -0.275399
13.0138 0.14263 0.0575058 0.631803 0.0337647 -0.151269 -0.0230114 -0.0774069 -0.239461 -0.090132 -0.122923 -1.79916 0.467928 -0.711696
13.1135 0.10088 0.0531709 0.612476 0.0328997 -0.104484 -0.0335953 -0.0612312 -0.418814 -0.0434857 -0.19387 1.15822 0.174165 0.472283
13.3137 0.0634544 0.0514456 0.592593 0.0312287 -0.144898 -0.0356239 -0.0815471 -0.186939 -0.00861797 -0.0993191 0.489607 0.0790289 0.22293
13.5198 0.045723 0.0530256 0.581593 0.0295973 -0.187475 -0.0319028 -0.0983436 -0.0860455 0.0076676 -0.0533796 -0.465737 0.099938 -0.0551961
13.7136 0.0115582 0.0582646 0.569175 0.028141 -0.200181 -0.0308195 -0.104462 -0.1763 0.0270344 -0.064076 0.370945 -0.065113 0.151576
14.0303 -0.00706875 0.0602952 0.564086 0.0259135 -0.225275 -0.0277211 -0.110642 -0.0588102 0.00641114 -0.0160674 -0.106064 0.0193492 0.00194139
14.2815 -0.0285342 0.0631266 0.560173 0.0242729 -0.231213 -0.0212185 -0.116046 -0.0854531 0.0112716 -0.0155797 0.402348 0.11241 -0.0395175
14.3497 -0.0324915 0.0644189 0.558926 0.0238455 -0.233044 -0.0284945 -0.114528 -0.058002 0.018941 -0.0182759 0.393615 -0.148788 0.0459482
14.45 -0.0343504 0.0648224 0.557556 0.0232312 -0.247745 -0.0227012 -0.117096 -0.0185426 0.00402514 -0.0136697 -0.0684128 0.0418773 0.00114396
14.7592 -0.0466279 0.0700724 0.553438 0.0214339 -0.267554 -0.0148783 -0.121002 -0.0396998 0.0169761 -0.0133159 -0.225505 0.0835832 0.00833775
14.887 -0.0553857 0.0736075 0.551872 0.0207324 -0.23607 -0.0286361 -0.116342 -0.0685216 0.0276589 -0.0122502 0.985874 -0.431605 0.182435
14.9817 -0.0530445 0.0723612 0.552346 0.020228 -0.257307 -0.019411 -0.119015 0.0247471 -0.0131732 0.00500905 0.0841712 -0.0318689 0.0504179
15.3901 -0.0288951 0.0616643 0.562802 0.0181873 -0.217439 -0.0330775 -0.0994031 0.059126 -0.0261897 0.0256018 0.444214 -0.0809522 0.259518
15.6496 0.0163538 0.0494186 0.586918 0.0169992 -0.175018 -0.0387345 -0.080644 0.174388 -0.0471946 0.0929398 0.0743777 0.159548 -0.0607812
15.9895 0.0842222 0.0518103 0.611486 0.0155594 -0.0350775 -0.0290906 -0.0184934 0.199669 0.00703649 0.0722799 2.04969 0.228816 1.05552
16.0535 0.105389 0.0531973 0.620432 0.0153024 -0.110995 -0.0349841 -0.0536797 0.330816 0.021677 0.139816 -1.02601 -0.0137652 -0.362504
16.2858 0.126859 0.0574913 0.633347 0.014404 -0.0678457 -0.0291422 -0.0341436 0.0923903 0.0184783 0.0555773 0.190829 0.0389376 0.0386943
16.4855 0.152916 0.0627335 0.645988 0.0136743 -0.0690846 -0.028493 -0.031079 0.130495 0.0262533 0.0633038 -0.6762 -0.109861 -0.250693
16.6176 0.158353 0.0642844 0.649975 0.0132118 -0.0413904 -0.0214577 -0.0195673 0.0411507 0.0117377 0.0301805 0.179477 0.0823214 0.0462849
16.8869 0.182444 0.0734126 0.661457 0.0123174 -0.0265291 -0.0155191 -0.0120232 0.0894747 0.0339026 0.0426426 -0.202465 -0.0630347 -0.0954932
17.1902 0.190955 0.0778964 0.665605 0.0113819 -0.0146337 -0.00833948 -0.00624215 0.0280557 0.0147807 0.0136742 0.0497113 0.0624169 0.0249918
17.2556 0.193 0.0791285 0.666605 0.01119 0.0285323 0.00528079 0.011765 0.0313033 0.0188584 0.0153069 1.20418 0.40249 0.501856
17.2859 0.195057 0.0800707 0.667531 0.011102 -0.0179564 -0.00975156 -0.00574508 0.0678263 0.031066 0.0305282 -0.260379 -0.0798722 -0.0576906
17.4179 0.199473 0.0827798 0.670556 0.0107269 -0.0065018 -0.00427606 -0.00250151 0.0334534 0.020522 0.0229125 0.0259801 0.0253482 -0.0318137
