t x y z s fx fy fz dx dy dz ddx ddy ddz
0 -0.063324 0.0190548 0.837395 1 0.000423732 0.000117381 -0.000481492 0 0 0 0.0140733 0.00389854 -0.0159916
0.434016 -0.060673 0.0197892 0.834383 0.87567 -0.0143665 -0.00284884 0.0106919 0.00610803 0.00169203 -0.00694063 -0.594009 -0.139797 0.502736
0.466158 -0.0610904 0.0196992 0.834679 0.867103 0.00476256 0.000404763 -0.00543293 -0.0129847 -0.00280135 0.00921835 0.111163 -0.0164838 -0.0887968
0.531913 -0.0614636 0.0194437 0.834901 0.849836 0.00218897 0.00114274 -0.00350534 -0.00567515 -0.00388524 0.00337952 0.0148855 0.0175421 -0.0110673
0.804541 -0.0619044 0.0196883 0.835 0.781837 0.00188446 0.00140808 -0.00349957 -0.00161694 0.000897227 0.00036227 0.00152347 -0.00459724 0.00955489
1.20211 -0.0623064 0.0193183 0.836654 0.692306 0.00154939 0.0016292 -0.00299583 -0.00101125 -0.000930514 0.00416104 -0.00573306 0.00911208 -0.0205268
1.36873 -0.0626341 0.0194163 0.836778 0.657905 0.00143997 -0.00234217 -0.000229057 -0.00196646 0.000587695 0.00074097 0.00140089 -0.134911 0.0848856
1.40275 -0.0626993 0.0192801 0.836901 0.651094 0.00147638 0.00142723 -0.00280438 -0.00191881 -0.00400211 0.00362885 0.00405229 0.0075738 -0.0118497
1.73414 -0.0628902 0.0187856 0.836802 0.588326 0.0105498 -0.0108414 -0.00934905 -0.000575915 -0.00149223 -0.000298036 0.30237 -0.39889 -0.200658
1.7702 -0.0625179 0.0182132 0.836531 0.581873 0.00178982 0.000653988 -0.00317973 0.0103263 -0.0158745 -0.00753291 -0.0338796 0.0438189 0.0361548
2.1123 -0.0629503 0.0179108 0.838185 0.524058 0.0028861 0.000795692 -0.00527483 -0.00126403 -0.000883975 0.00483575 0.0463632 0.00670773 -0.112578
2.17036 -0.0628674 0.0178821 0.838086 0.514832 0.00143366 0.000659026 -0.00238142 0.00142801 -0.000494496 -0.00170099 -0.0134186 0.000795625 0.00821956
2.43423 -0.0634249 0.017807 0.83821 0.474909 0.00124375 0.000627056 -0.00255174 -0.00211274 -0.000284556 0.00046789 0.00588235 -0.00345757 0.000677827
2.78435 -0.0634435 0.0172835 0.838457 0.426674 0.000959429 -7.58149e-05 -0.00179139 -5.3193e-05 -0.00149513 0.000705213 -0.0131989 -0.0119348 0.0274867
2.93619 -0.0637559 0.0167814 0.839198 0.40731 0.00112967 0.000875106 -0.00318906 -0.00205723 -0.00330724 0.00487862 0.00712149 0.0392538 -0.051734
3.03971 -0.0638925 0.0168597 0.839148 0.394613 0.000977206 0.000177176 -0.00196921 -0.00131999 0.000756422 -0.000477031 0.00331675 -0.00020851 0.00908394
3.27616 -0.0640192 0.0170269 0.839543 0.367079 0.000852963 0.000436068 -0.00182367 -0.00053576 0.00070712 0.00167083 -0.00129444 -0.000507412 0.000387765
3.83827 -0.0647294 0.017264 0.840605 0.309088 -0.00362254 -0.00652828 0.00224341 -0.00126338 0.000421895 0.0018888 -0.129165 -0.246194 0.112133
3.87266 -0.0649255 0.0169875 0.840803 0.305854 0.00252783 0.00332348 -0.000307 -0.00570486 -0.0080437 0.0057446 0.0945367 0.114934 0.0101137
3.93817 -0.0648935 0.0169538 0.841222 0.299785 0.000241023 0.00051976 -0.000983579 0.000488519 -0.00051401 0.00640718 -0.00139611 -0.000203734 -0.0269506
4.13951 -0.0648518 0.016842 0.84142 0.281879 0.000251551 0.000480921 -0.000319592 0.000207435 -0.000555028 0.000981105 -0.00313487 6.93959e-05 0.008544
4.47027 -0.0651261 0.016666 0.842679 0.254754 0.000133478 0.000438074 0.000333727 -0.000829464 -0.000532075 0.00380714 0.00280866 0.000984268 -0.0140933
4.81426 -0.0650791 0.0165995 0.842321 0.229309 0.000298235 0.000410218 -0.000152496 0.000136688 -0.000193496 -0.0010408 0.00166583 -0.00196196 0.00156878
5.2709 -0.0646693 0.016102 0.842173 0.199414 -5.78483e-06 -0.000219607 -0.000476744 0.00089738 -0.00108941 -0.000324429 -0.0268661 -0.0074865 7.54959e-05
5.47045 -0.06556 0.0155865 0.842111 0.187606 0.000325825 0.000284967 0.000285078 -0.00446354 -0.00258328 -0.000309365 0.0286411 0.0293327 0.0299441
5.63813 -0.0655031 0.0159782 0.842901 0.178225 -0.000353455 -0.000501964 0.000504196 0.000339227 0.00233546 0.0047119 -0.010881 -0.0256115 -0.00190257
5.81291 -0.0657762 0.015604 0.843667 0.168947 -0.000198907 -4.78619e-05 0.000416549 -0.00156258 -0.00214097 0.00437936 0.00817614 0.0140202 -0.0272355
6.04122 -0.0657068 0.0158459 0.843247 0.15755 -0.000914077 -0.00129818 0.00358655 0.000304062 0.00105989 -0.00183858 -0.0244051 -0.0464963 0.112933
6.13967 -0.0659134 0.0154996 0.844161 0.152876 -0.000451488 -0.000306408 0.00134103 -0.00209861 -0.00351767 0.00927964 0.00455723 0.0109508 -0.0240038
6.47395 -0.0661057 0.0155474 0.84458 0.138016 -0.000536758 -0.000328471 0.00156623 -0.00057523 0.000142946 0.0012557 0.0023112 -0.0041273 -0.00340665
6.84255 -0.0660037 0.0150393 0.84458 0.1233 -0.000296538 -0.000528202 0.00127017 0.000276684 -0.00137839 0 0.0031089 0.00876721 -0.00631753
7.14237 -0.0656413 0.0154142 0.844012 0.112494 0.00497762 0.00434863 -0.0155549 0.0012088 0.00125021 -0.00189413 0.162545 0.149112 -0.538293
7.17418 -0.0654383 0.0156048 0.843407 0.111405 -0.000323208 -0.000558101 0.00129737 0.00637936 0.00599347 -0.0190173 -0.0357031 -0.0344144 0.0926121
7.37887 -0.0656284 0.0153897 0.843395 0.104643 0.00127429 0.000339898 -0.000272787 -0.00092877 -0.00105089 -6.03019e-05 0.0447981 0.0226238 -0.0139749
7.50629 -0.0650195 0.0156231 0.843161 0.100643 0.000738987 1.00145e-05 -0.000122117 0.00477932 0.0018318 -0.00184096 -0.0105064 -0.00515502 0.00497723
8.11026 -0.0659654 0.014849 0.843864 0.0836653 -0.000928364 -0.000502042 0.000569588 -0.00156622 -0.00128168 0.00116514 -0.0170724 0.0106446 -0.000669407
8.274 -0.0666796 0.0149246 0.844037 0.0795778 -0.000966266 -0.000571557 0.000876348 -0.0043617 0.000461287 0.00105553 0.0133426 0.000131279 0.00499073
8.54547 -0.0668804 0.0150594 0.844691 0.0732365 -0.00122642 -0.000415525 0.00121891 -0.000739648 0.000496924 0.00241033 6.70566e-05 -7.66231e-05 -0.00801282
8.87438 -0.0671164 0.0152146 0.844617 0.0662264 -0.00146281 -0.000288337 0.000976837 -0.000717592 0.000471722 -0.000225194 -0.000612105 -0.00181938 -0.00424328
9.21464 -0.0674315 0.0151645 0.844049 0.0596798 -0.00196194 -5.05755e-05 0.00126361 -0.000925868 -0.000147343 -0.00166902 -0.00666903 0.00875146 0.0298519
9.33989 -0.0676521 0.0152833 0.844309 0.0574364 -0.00134375 -0.000385032 0.000670444 -0.00176117 0.000948784 0.00206995 0.0234778 -0.00984423 -0.00908023
9.54828 -0.0669995 0.0150535 0.844346 0.0538893 -0.00115148 -0.000457337 0.000410435 0.00313136 -0.00110266 0.000177716 -0.00664733 0.0010304 -0.0125554
9.81213 -0.0666361 0.0148343 0.843519 0.0497108 -0.000656532 -0.00071271 0.000228031 0.00137749 -0.000830787 -0.003135 0.00257171 -0.00150839 0.0196057
10.0784 -0.0660868 0.0145061 0.844074 0.0458217 -0.000526194 -0.000786066 5.70015e-05 0.00206235 -0.00123248 0.00208615 -0.0137086 0.00765653 -0.0191928
10.3781 -0.0667001 0.0148245 0.842975 0.0418075 -0.00125944 -0.000190783 0.000472405 -0.00204624 0.00106225 -0.00366611 -0.00583234 0.00952797 0.0490553
10.4781 -0.0669628 0.0150257 0.843099 0.040549 -0.000787694 -0.000618814 -0.00113725 -0.00262901 0.00201429 0.00123554 0.0201835 -0.0143605 -0.0227941
10.6102 -0.0669579 0.0150412 0.842864 0.0389431 -0.00107524 -0.000248744 -0.000410363 3.72945e-05 0.00011722 -0.00177563 0.00241125 0.0028481 0.0184318
10.7782 -0.0668835 0.0151414 0.843086 0.0369915 0.00107882 0.000476921 -0.0044087 0.000442554 0.000595899 0.0013222 0.0701118 0.0219536 -0.130524
10.8262 -0.0667013 0.0152204 0.84285 0.0364531 -0.00108286 -2.32882e-05 -0.000954334 0.00380266 0.00164803 -0.00493315 -0.0177643 -0.000476598 0.0107565
11.1821 -0.0675981 0.0157465 0.842457 0.0326928 -0.00178326 0.000398558 -0.00104795 -0.00251985 0.0014784 -0.00110479 0.00721959 -0.00391467 0.0101498
11.5473 -0.0675553 0.0157643 0.843407 0.0292366 -0.00180671 0.000340181 -0.000449513 0.000117203 4.85102e-05 0.00260255 -0.00311134 -0.00263253 -0.0118109
11.7467 -0.0676556 0.0156693 0.843457 0.0275067 -0.00175627 0.000256462 -0.000336239 -0.000503142 -0.000476369 0.000247672 0.00359008 -0.000918609 -0.0023182
12.0784 -0.0674276 0.0154103 0.843284 0.024853 -0.00214697 0.000753082 -0.00125806 0.000687499 -0.000781023 -0.000521151 -0.0207234 0.024747 -0.0243345
12.1785 -0.0675666 0.0155803 0.842988 0.0241031 -0.000866793 -0.000808755 0.000882653 -0.00138807 0.00169753 -0.00295839 0.0325135 -0.0402306 0.0640081
12.2568 -0.0674761 0.0154667 0.843148 0.0235329 -0.00143376 -5.50988e-05 -0.000412109 0.00115641 -0.00145088 0.00205083 0.00306971 -0.00214799 0.000918108
12.5495 -0.0668746 0.0148579 0.843827 0.0215172 -0.000845368 -0.000617831 1.46451e-05 0.00205501 -0.00207967 0.00231959 -0.000210181 0.000993825 -0.00782136
12.8461 -0.0662836 0.0143286 0.843827 0.0196511 -0.000769997 -0.000792973 0.000578512 0.00199267 -0.00178493 -9.92488e-09 -0.0173096 0.0116462 0.0182017
12.9789 -0.0663242 0.0142969 0.844148 0.0188688 -0.00882939 -0.000250054 -0.0104636 -0.000305991 -0.000238349 0.00241712 -0.276873 0.0260357 -0.366207
13.0142 -0.0666795 0.0143209 0.843778 0.0186663 -0.000996713 -0.000971951 -6.73857e-05 -0.0100721 0.000680008 -0.0105001 0.0240653 -0.00149086 0.0297953
13.4142 -0.0668574 0.0143544 0.844346 0.0165162 0.000288678 -0.000775452 0.00133116 -0.000444741 8.35872e-05 0.00141956 0.0438819 0.00542397 0.0224405
13.5465 -0.0661487 0.0144603 0.844926 0.0158614 -0.000661048 -0.0010532 0.00108074 0.00535882 0.000800928 0.00438741 -0.0284962 -0.00953281 -0.0138227
13.7495 -0.0662353 0.0142299 0.845247 0.0149063 -0.00027117 -0.000762516 0.00131634 -0.000426698 -0.0011345 0.00158101 0.00443474 0.0134 -0.00811471
13.9888 -0.0660834 0.014726 0.845161 0.0138539 -0.000469425 -0.000701445 0.00107633 0.000634678 0.00207254 -0.000361104 -0.0104381 -0.0107064 -0.00721808
14.2484 -0.0666222 0.0145424 0.84458 0.0127963 -0.000673638 -0.000778828 0.000805428 -0.0020752 -0.000707012 -0.00223503 0.00863225 0.000942613 0.00885217
14.6179 -0.0662104 0.0144099 0.844963 0.0114287 -0.000574737 -0.000795807 0.000308 0.00111435 -0.000358723 0.00103579 -0.0113505 0.00357288 -0.0297996
14.75 -0.0662612 0.0144248 0.84458 0.0109763 0.0040994 0.00714547 0.0041317 -0.000384264 0.000113008 -0.00289869 0.149988 0.26537 0.121693
14.7874 -0.0660659 0.0148 0.844642 0.0108515 -0.000241251 -0.000527882 0.000446891 0.00522335 0.0100344 0.00165104 -0.0173313 -0.0314314 -0.0162283
