t x y z s fx fy fz dx dy dz ddx ddy ddz
0 -0.103415 0.0501502 0.790395 1 0.000817044 0.00222839 -0.000649329 0 0 0 0.0328808 0.0896786 -0.0261314
0.311968 -0.100215 0.0588781 0.787852 0.890802 0.00277204 0.00752064 -0.00174505 0.0102578 0.0279768 -0.00815216 -0.0389996 -0.0870947 0.0417705
0.635163 -0.100973 0.0588226 0.78958 0.790232 0.00183191 0.00592999 0.000306151 -0.00234672 -0.000171713 0.00534785 0.0130112 0.00972343 -0.0119698
1.13923 -0.0988502 0.0612067 0.789235 0.655559 0.00295128 0.00625938 0.000526847 0.00421186 0.0047296 -0.000685773 -0.0323055 -0.0139059 0.00825284
1.40348 -0.099993 0.0614854 0.78963 0.594394 0.00219098 0.00581395 0.000666238 -0.00432483 0.00105498 0.00149503 0.0223029 0.00501181 -0.0209173
1.63683 -0.0997878 0.0620045 0.78884 0.545144 0.00335386 0.00463068 0.000418836 0.000879555 0.00222448 -0.00338601 0.0489413 -0.0396576 0.00961083
1.73992 -0.099177 0.0618124 0.788593 0.524708 0.00128227 0.00558538 -0.000430022 0.00592457 -0.00186354 -0.00239529 -0.074329 0.0328481 -0.0218654
1.8712 -0.0996804 0.0621339 0.787901 0.499785 0.00233429 0.00486599 -0.000170607 -0.00383394 0.00244903 -0.00526596 0.0268479 -0.0103712 0.0222353
2.10325 -0.0991244 0.0621438 0.787877 0.458596 0.00228164 0.00447475 -0.000351551 0.00239591 4.24609e-05 -0.000106407 -0.0143545 0.00560816 -0.0100532
2.27672 -0.0991408 0.0623199 0.787556 0.430037 0.00203247 0.00419409 -3.40546e-05 -9.42116e-05 0.00101533 -0.00185036 -0.0107986 -1.11544e-05 0.0167684
2.50595 -0.0997298 0.0625521 0.788013 0.395008 0.00175211 0.00363329 -4.26449e-05 -0.00256955 0.00101277 0.00199341 0.0153923 -0.0119635 -0.0221196
2.70348 -0.0996368 0.0622854 0.787543 0.367121 0.00172727 0.00311838 -0.000257021 0.000470856 -0.00135036 -0.00237582 0.00357461 0.00243767 -0.00116327
2.87152 -0.0994567 0.0621273 0.787111 0.344951 0.00165924 0.00297548 -0.000263118 0.00107155 -0.000940716 -0.0025713 -0.00549665 0.0142005 0.0126859
3.1453 -0.0995753 0.0629341 0.787358 0.311664 0.00121644 0.00327396 -0.000369101 -0.000433324 0.00294712 0.000901851 -0.00850709 -0.00129472 -0.0200209
3.35336 -0.100034 0.0634913 0.786679 0.288532 0.000873865 0.00298661 -0.000464335 -0.00220327 0.00267775 -0.0032636 0.00573431 -0.0211357 0.0142941
3.60873 -0.100222 0.0627967 0.786778 0.262474 0.000587872 0.00216532 -2.52354e-05 -0.000738873 -0.00271976 0.000386743 0.00016261 0.00803362 0.0101513
3.87149 -0.100405 0.0626367 0.78758 0.238116 0.000316289 0.0016143 0.000728685 -0.000696146 -0.000608888 0.00305405 -0.000180216 -0.00142847 -0.0057963
4.22233 -0.100672 0.0622473 0.787938 0.20908 -0.000202458 0.000818021 0.00143762 -0.000759373 -0.00111005 0.00102047 -0.0060788 0.000540191 0.0104087
4.37123 -0.10092 0.0620939 0.788321 0.197853 8.76493e-05 0.00077766 0.000832919 -0.0016645 -0.00102962 0.00257031 0.0203858 0.01119 -0.0369319
4.5072 -0.100769 0.0621608 0.787988 0.188129 -0.000748529 0.000400211 0.00208582 0.00110744 0.000491932 -0.00245146 -0.0279535 -0.00663013 0.0432261
4.60689 -0.100936 0.062144 0.788173 0.181304 4.07739e-05 0.000436938 0.000371114 -0.0016792 -0.000169014 0.00185767 0.0215249 0.00179182 -0.0499742
4.7107 -0.100879 0.0621458 0.787827 0.174461 -0.000556977 0.0003226 0.00166027 0.000555235 1.69895e-05 -0.00333 -0.0119437 0.000347517 0.0332563
4.90718 -0.101231 0.0621625 0.788457 0.162206 -0.000778995 0.000205323 0.0019142 -0.00179155 8.5272e-05 0.00320443 0.00343523 0.00168697 -0.00759394
5.47514 -0.10114 0.0627551 0.787827 0.131414 -0.000808085 2.08287e-05 0.00240009 0.000159508 0.0010434 -0.00110859 -0.00413207 -0.0154979 0.0472698
5.57903 -0.101168 0.0626962 0.788222 0.126449 -0.00629438 -0.00357708 -0.00545642 -0.000269794 -0.000566754 0.00380251 -0.221559 -0.149298 -0.303376
5.60737 -0.101354 0.0625603 0.788086 0.125128 -0.00107879 -6.43653e-05 0.00145719 -0.00654723 -0.00479682 -0.00479307 0.01858 0.0135144 0.0110192
5.97536 -0.101247 0.0626252 0.787815 0.109174 -0.000914342 -9.79892e-05 0.00135663 0.000290054 0.000176371 -0.000738071 -0.0014948 0.000734927 0.000429465
6.30698 -0.101315 0.0627645 0.787617 0.0965465 -0.000911243 -1.87397e-05 0.000999543 -0.000205645 0.000420084 -0.000595654 0.00491044 0.00463239 -0.00878174
6.54297 -0.10109 0.0631217 0.786988 0.0884603 -0.000815857 4.50499e-05 0.000656431 0.000953169 0.00151328 -0.00266806 -0.0033525 -0.00650186 0.00875021
6.84318 -0.101106 0.06299 0.786975 0.0791446 -0.000316621 0.000627739 -1.06599e-05 -5.33032e-05 -0.000438681 -4.1105e-05 0.0222978 0.0345794 -0.0287352
7.08061 -0.0998619 0.0648351 0.785346 0.0724771 -0.000260195 0.000827022 1.49788e-05 0.00524084 0.00777147 -0.00686366 -0.043639 -0.0574124 0.0612344
7.20705 -0.0998969 0.0648999 0.785457 0.0691588 0.0007304 0.00190483 -0.000568717 -0.000276835 0.000512292 0.00087876 0.0179561 0.0113749 0.00480552
7.37533 -0.0994351 0.0653082 0.785741 0.0649769 0.000537618 0.00178112 -0.00058404 0.00274477 0.00242643 0.00168742 -0.018686 -0.0145437 -0.0109034
7.60796 -0.0998078 0.0650856 0.785543 0.0596089 0.000351887 0.00157788 -0.00049415 -0.00160227 -0.000956954 -0.000849113 0.00523205 0.00147214 0.00882568
7.91153 -0.099812 0.0649308 0.786099 0.0532652 0.000235162 0.00136208 -0.000425656 -1.39818e-05 -0.000510059 0.00183009 -0.00413154 0.00102324 -0.0215634
8.01328 -0.0998562 0.0648894 0.786062 0.0512938 0.00332289 -0.00373822 -0.00491182 -0.000434371 -0.000405943 -0.000364014 0.123695 -0.201821 -0.19307
8.04332 -0.0997577 0.0646951 0.785877 0.0507258 -8.23785e-05 0.00102709 0.000529136 0.0032817 -0.00646909 -0.00616425 -0.03061 0.0199213 0.0541217
8.2194 -0.100129 0.0641737 0.786469 0.0475208 0.000146583 0.000823222 -0.000333812 -0.0021081 -0.00296135 0.0033655 0.0133877 0.0219004 -0.039335
8.37539 -0.100132 0.0642446 0.786037 0.0448513 2.69635e-05 0.000713447 -0.000196537 -1.9826e-05 0.000454758 -0.00277015 0.00155186 0.00385206 0.00518244
8.71141 -0.0999634 0.0648323 0.785691 0.0395989 0.000113365 0.00114317 -0.000489154 0.000501634 0.00174914 -0.00102873 -0.00290279 -0.00417542 0.000102273
9.21685 -0.100451 0.0646498 0.785198 0.0328338 -0.000360246 0.00115904 -0.000881591 -0.000965541 -0.000361269 -0.00097704 0.0038967 0.0152611 0.00277658
9.41101 -0.100492 0.0651549 0.785113 0.0305539 -0.000486028 0.000941987 -0.000894027 -0.000208957 0.00260182 -0.00043794 -0.00193953 -0.0231708 0.00334635
9.62582 -0.100626 0.0646446 0.785173 0.0282155 -0.000376345 0.000906683 -0.000639911 -0.000625591 -0.00237555 0.000280897 0.00970676 0.0151925 0.0081354
9.7446 -0.100564 0.0645768 0.785321 0.0270002 -5.66839e-05 0.00130476 -0.00107791 0.000527396 -0.000570956 0.00124724 0.0160684 0.0281382 -0.0191509
9.98444 -0.0995129 0.0660584 0.784519 0.0247035 0.000213973 0.00124518 -0.000916527 0.00438122 0.00617765 -0.00334589 -0.0288799 -0.0568695 0.0357569
10.2442 -0.100323 0.0638264 0.786062 0.0224361 0.00312837 0.00557223 -0.00146866 -0.00311993 -0.0085934 0.00594147 0.148333 0.261551 -0.0824065
10.348 -0.0990478 0.0657543 0.78579 0.021589 0.000831395 0.00169702 -0.000543602 0.0122829 0.0185661 -0.00261562 -0.0507602 -0.0692653 -0.00359968
10.6113 -0.0993329 0.0658407 0.784852 0.0195815 0.000723107 0.00182086 -0.00111691 -0.00108251 0.00032812 -0.00356344 0.00474015 -0.000967491 0.0141375
10.9467 -0.0991627 0.0658419 0.785247 0.0172925 0.000112585 0.00153557 -0.000724652 0.000507225 3.64595e-06 0.00117797 -0.0320801 -0.0100265 -0.003455
11.1808 -0.100802 0.0652933 0.785333 0.0158553 -0.00085783 0.00114796 -0.000640347 -0.00700292 -0.00234361 0.000369137 0.0220754 0.00572226 -0.000887823
11.5128 -0.100694 0.065146 0.785358 0.0140193 -0.00121596 0.00101613 -0.00112243 0.00032651 -0.000443727 7.43645e-05 -0.0228274 0.000552572 -0.0205524
11.6127 -0.100889 0.0651072 0.785161 0.0135099 0.000334956 0.000948639 -0.000866047 -0.00195308 -0.000388546 -0.00197804 0.0557124 -0.000510307 0.00501065
11.6805 -0.100765 0.0650785 0.785049 0.0131745 -0.000940269 0.000877155 -0.000468799 0.00182561 -0.000423157 -0.0016382 -0.0141453 -0.00191646 0.0241851
11.8485 -0.100858 0.0649533 0.785457 0.0123791 -0.000751891 0.000726473 -0.000579348 -0.000550855 -0.000745131 0.00242499 0.00582459 -0.00133064 -0.0114284
12.0154 -0.100787 0.0647919 0.785543 0.0116366 -0.000646078 0.000955703 -0.000614566 0.000421129 -0.000967183 0.000517875 0.00385905 0.0156119 -0.00959279
12.2471 -0.100482 0.065406 0.785148 0.0106789 -0.000137469 0.000246939 -0.000121059 0.00131534 0.00265036 -0.00170494 0.00897586 -0.0501022 0.0339948
