t x y z s fx fy fz dx dy dz ddx ddy ddz
0 -0.00731305 -0.0251403 0.83384 1 0.00270719 0.0118703 -0.0072897 0 0 0 0.0970856 0.425695 -0.261424
0.269415 -0.000266149 0.00575847 0.814864 0.914856 0.00743927 0.0290567 -0.0177674 0.0261563 0.114688 -0.0704316 -0.0826441 -0.338323 0.196406
0.601724 -0.000700494 0.00650974 0.813148 0.819754 0.00628714 0.0277399 -0.0162689 -0.00130705 0.00226074 -0.00516402 -0.0346086 0.0549334 0.0209842
0.800445 -0.00232693 0.00912831 0.812951 0.767675 0.00647252 0.0146379 -0.012103 -0.0081845 0.0131772 -0.00099402 0.044588 -0.485372 0.119545
0.868202 -0.00267678 0.0077928 0.813432 0.750685 0.00372685 0.0281326 -0.0157361 -0.00516335 -0.0197103 0.00710599 -0.053579 0.17104 -0.0685272
1.00161 -0.00431915 0.00820736 0.813161 0.718325 0.00618573 0.0243103 -0.0137621 -0.0123111 0.00310748 -0.00203594 0.111557 -0.0177536 0.0136477
1.16816 -0.00327495 0.00823243 0.8132 0.679874 0.00416423 0.023757 -0.01349 0.00626937 0.000150509 0.000237161 -0.0637722 0.0141664 -0.0181907
1.36834 -0.00457545 0.00883024 0.812519 0.636375 0.00412267 0.0223672 -0.0144059 -0.00649661 0.00298636 -0.00340428 0.0157765 -0.0173611 -0.0521272
1.50037 -0.00515817 0.00892191 0.811161 0.60922 0.00290941 0.0217186 -0.0141498 -0.00441374 0.000694301 -0.0102863 -0.0176044 -0.00606321 0.00460716
1.7366 -0.00718326 0.00874756 0.808988 0.563491 0.00203015 0.0214494 -0.0151843 -0.00857247 -0.000738023 -0.0091979 0.0299438 0.046481 0.00282123
1.90054 -0.00778385 0.00987584 0.807556 0.533789 0.00127511 0.0203337 -0.0157949 -0.00366341 0.00688217 -0.00873538 0.00418798 -0.0250803 0.00539197
2.15137 -0.00843925 0.0100242 0.805704 0.491348 0.00145682 0.0190456 -0.0152774 -0.00261295 0.000591291 -0.00738292 0.0244506 -0.00875469 0.049722
2.37191 -0.00782629 0.00972875 0.806494 0.456828 0.00114697 0.0178588 -0.014849 0.00277936 -0.00133946 0.00358271 -0.0311354 0.00423532 -0.0279525
2.57428 -0.00853898 0.00963114 0.806074 0.42729 0.00141613 0.0167388 -0.0134344 -0.00352163 -0.000482341 -0.00207416 0.0198405 -0.00200734 0.0307124
2.80535 -0.0082934 0.00941251 0.807235 0.395892 0.00189252 0.0155882 -0.0121705 0.00106279 -0.000946164 0.00502238 0.00868702 0.00131689 -0.0152004
3.03802 -0.00757585 0.00926366 0.80758 0.366607 0.00255148 0.0145065 -0.0108854 0.003084 -0.000639763 0.00148571 -0.00430562 -0.000231879 0.00478222
3.55931 -0.00713822 0.00886714 0.809654 0.308618 0.00136391 0.0135782 -0.00675283 0.000839492 -0.000760641 0.00397867 -0.0641177 0.0462027 0.0210067
3.60442 -0.00723083 0.00892684 0.809877 0.304054 0.00302229 0.0120643 -0.00805995 -0.00205286 0.00132357 0.00492628 0.00726708 -0.0117908 -0.040783
3.70392 -0.00736314 0.00894181 0.809963 0.294224 0.00276754 0.0118782 -0.00688029 -0.00132982 0.000150437 0.000868581 -0.000922627 -0.00419875 0.00303026
4.20853 -0.0082691 0.00794861 0.811173 0.249054 0.000951175 0.00741144 -0.00276256 -0.00179538 -0.00196828 0.00239767 -0.0388775 -0.0712473 0.06377
4.27184 -0.0085386 0.00753841 0.81158 0.2439 0.00334166 0.00677498 -0.0118752 -0.00425676 -0.00647902 0.00643502 0.0636346 -0.059105 -0.295
4.33603 -0.00854964 0.00687898 0.810778 0.238783 0.00225869 0.00786104 -0.00510603 -0.000171996 -0.010273 -0.0125013 0.0113203 0.0214079 0.0329003
4.67251 -0.00732583 0.00584609 0.810296 0.213666 0.00323365 0.00650236 -0.00481213 0.00363707 -0.00306966 -0.00143093 -0.0136025 0.0148243 0.00371327
4.84166 -0.00709981 0.00575101 0.810161 0.202056 0.00341248 0.00569913 -0.00411585 0.00133621 -0.000562136 -0.000802829 -0.00966209 -0.00557647 0.0216074
5.03687 -0.00720716 0.00542877 0.810827 0.189439 0.00306601 0.00532251 -0.0038645 -0.000549916 -0.00165071 0.00341512 -0.0140867 0.0101334 -0.0176084
5.30424 -0.00836121 0.00571183 0.810482 0.173426 0.00443325 0.00552477 -0.00238287 -0.00431629 0.00105867 -0.00129286 0.0860029 0.0165267 0.0493274
5.40779 -0.00788596 0.00599867 0.810877 0.167595 0.00236526 0.00499038 -0.00385064 0.00458948 0.00277004 0.00381509 -0.034647 -0.0118655 -0.0388501
5.54161 -0.00789225 0.00615687 0.810691 0.160348 0.00308569 0.00520821 -0.00311789 -4.70062e-05 0.00118219 -0.00138386 0.00519595 0.00350373 0.00454675
5.80469 -0.007545 0.00671038 0.810642 0.147003 0.00349598 0.00520422 -0.0028182 0.00131995 0.00210395 -0.000187695 0.00106323 -0.00445957 0.001813
6.10937 -0.00704415 0.00693744 0.810753 0.132929 0.00378648 0.0051552 -0.0025496 0.00164389 0.000745244 0.000364674 -0.00963794 0.00580205 -0.00634902
6.44175 -0.00756256 0.00782617 0.810173 0.119108 0.00376106 0.00503216 -0.0018942 -0.00155966 0.00267378 -0.00174567 0.0162372 -0.0211472 0.0329103
6.54042 -0.00755838 0.00788412 0.810321 0.115288 0.0034046 0.00478146 -0.00229401 4.24225e-05 0.000587252 0.00150149 -0.00241008 -0.0212342 -0.000422896
6.74085 -0.00764669 0.00714882 0.810605 0.107903 0.00401246 0.00627368 -0.00622778 -0.000440623 -0.00366865 0.00141673 0.022994 0.0805939 -0.157725
6.84114 -0.00745959 0.00759156 0.809161 0.104387 0.00345312 0.00464617 -0.00315927 0.00186553 0.00441442 -0.0144021 -0.0117014 -0.0156286 0.0518524
7.13199 -0.00790686 0.00755342 0.809358 0.0948257 0.00320466 0.00447558 -0.00297297 -0.0015378 -0.000131141 0.000679136 0.00490566 0.00493942 -0.00510352
7.57255 -0.00763219 0.00845435 0.808667 0.0819839 0.00366314 0.00480322 -0.00318517 0.00062344 0.00204497 -0.00156927 0.00263233 -0.00817933 0.00830712
7.66926 -0.00754728 0.00857561 0.808593 0.0794064 0.00325855 0.00537399 -0.00299091 0.000878017 0.00125393 -0.000765869 -0.0161269 0.0133725 0.0131485
7.80846 -0.00773752 0.00900924 0.808741 0.0758382 0.00357517 0.00511001 -0.00369838 -0.00136674 0.00311529 0.00106431 0.00871351 -0.0136088 -0.0264582
7.97617 -0.00772164 0.00914893 0.808175 0.0717513 0.00215827 0.00580899 -0.00303713 9.46611e-05 0.000832874 -0.00337318 -0.0479719 0.0183594 0.0282818
8.1081 -0.00854408 0.00957834 0.808222 0.0686918 0.00206309 0.00637125 -0.00465824 -0.00623408 0.00325496 0.000357933 -0.00205135 0.01879 -0.046133
8.24085 -0.00940778 0.0103415 0.807457 0.065745 0.00200066 0.00606688 -0.00379643 -0.00650639 0.00574927 -0.00576609 0.0271141 -0.0241868 0.0293463
8.47659 -0.00943476 0.0103527 0.807728 0.0608199 0.00199409 0.00674596 -0.00292137 -0.000114414 4.73818e-05 0.00115212 0.00660156 0.0235861 0.0245838
8.54022 -0.00941531 0.0104512 0.807901 0.059555 0.00292075 0.00557738 -0.00411473 0.000305637 0.00154814 0.00271636 0.0375984 -0.0252476 -0.0305105
8.66742 -0.00876807 0.0102396 0.807753 0.0571046 0.00254254 0.00546778 -0.00432618 0.00508826 -0.00166343 -0.00116467 -0.0148864 -0.00853703 -0.0224281
8.88889 -0.00837133 0.00945249 0.806395 0.0530764 0.00294124 0.00458622 -0.00494607 0.00179135 -0.00355413 -0.00613183 -0.00484676 -0.0013348 0.0165302
9.40878 -0.00875002 0.00724398 0.807675 0.0447017 0.0154364 0.00874037 -0.00260514 -0.00072841 -0.00424808 0.00246196 0.463661 0.238474 0.0198508
9.44809 -0.00806203 0.00744555 0.807803 0.044125 0.00356629 0.0029401 -0.00325153 0.0174999 0.00512728 0.00324237 -0.0452576 -0.00618988 -0.0108981
9.85215 -0.00837989 0.00850669 0.807333 0.0386121 0.00291782 0.00383336 -0.00239548 -0.000786675 0.00262623 -0.00116107 0.000712448 0.00200306 0.0460348
9.94597 -0.00844743 0.00877072 0.80763 0.0374339 0.00283055 0.00441934 -0.00425383 -0.000719831 0.00281416 0.00315805 -0.000387084 0.014269 -0.0460974
10.0762 -0.00854773 0.0093791 0.807259 0.035858 0.00230462 0.00443683 -0.00319706 -0.000770234 0.00467216 -0.00284439 -0.0157269 -0.0111113 0.0229886
10.3162 -0.00963894 0.00986037 0.807901 0.0331246 0.00154589 0.00477804 -0.00276531 -0.00454562 0.0020048 0.00267424 0.00789527 -0.00450894 -0.00459024
10.812 -0.00995189 0.00974599 0.808099 0.0281209 0.00127266 0.00426546 -0.00203751 -0.000631202 -0.000230701 0.000398427 -0.00398939 -0.00599948 0.017446
10.8767 -0.0100094 0.00970596 0.808198 0.0275265 0.00149725 0.00368758 -0.00277461 -0.000889248 -0.000618765 0.00152688 0.00686575 -0.0233759 -0.0166581
11.0122 -0.0100039 0.00919337 0.808099 0.0263222 0.0018549 0.00345629 -0.00218055 4.06297e-05 -0.00378473 -0.000729242 0.0163306 -0.00178033 0.0143949
11.2767 -0.00884988 0.00806733 0.808914 0.0241194 0.00152918 0.00280056 -0.00152028 0.00436155 -0.00425579 0.00307953 -0.0509277 0.0190705 -0.00524878
11.4123 -0.00919436 0.00784085 0.809235 0.0230634 0.00358218 -0.0041042 -0.00191325 -0.00254144 -0.00167087 0.00236809 0.0570344 -0.227532 -0.0294737
11.4803 -0.00910328 0.00667407 0.809259 0.0225509 0.00272964 0.00105966 -0.000949312 0.00133872 -0.0171504 0.000362933 0.010671 0.0497253 0.010203
11.714 -0.00820771 0.00538173 0.809901 0.0208758 0.00225498 0.0014962 -0.00158939 0.00383237 -0.00553029 0.00274722 -0.046719 0.0763355 -0.0448551
11.8118 -0.00827989 0.00557123 0.809741 0.020212 0.00255618 8.95874e-05 -0.000906325 -0.000737867 0.00193716 -0.00164069 -0.0187691 -0.00411186 -0.00109631
12.0461 -0.00948246 0.00579938 0.809296 0.0187073 0.00177937 0.000474727 -0.00113053 -0.00513413 0.000974039 -0.00189747 0.0103741 0.00629732 0.00633844
12.3804 -0.0100394 0.00682884 0.80937 0.0167515 0.00142956 0.00147832 -0.00109561 -0.00166592 0.00307933 0.000221562 0.00638345 0.000812704 -0.00353549
12.6843 -0.00995605 0.00783984 0.809111 0.0151514 0.00102522 0.00181846 -0.000330039 0.000274239 0.00332634 -0.000853 -0.0175702 -0.022241 0.0352951
12.9211 -0.0108767 0.00738008 0.810889 0.0140113 -0.00274122 0.00842195 -0.00821262 -0.00388708 -0.0019412 0.00750625 -0.106451 0.249239 -0.338935
12.9448 -0.0110284 0.00747392 0.810877 0.0139022 0.000618926 0.00189405 0.000717863 -0.00640836 0.00396198 -0.000521365 0.0275645 -0.00704382 0.00743077
13.2167 -0.0107335 0.00803043 0.811284 0.0127083 -0.000207743 0.00153942 -0.00027294 0.00108496 0.00204714 0.00149867 -0.0368743 -0.0322363 -0.0502128
13.3129 -0.0109707 0.0079288 0.810963 0.0123106 0.00088654 0.0022264 0.000240298 -0.00246448 -0.00105586 -0.00333471 0.0222018 0.00644509 -0.00513217
13.4855 -0.0107348 0.00793854 0.810235 0.0116284 0.000794186 0.0017638 -4.909e-05 0.00136724 5.64769e-05 -0.00422045 -0.00196587 -0.0132965 0.0128691
13.781 -0.0105024 0.00679427 0.810111 0.0105471 -0.000182679 0.000608644 -0.00022561 0.000786352 -0.00387247 -0.000417796 -0.0436307 0.000129968 -0.00215635
