t x y z s fx fy fz dx dy dz ddx ddy ddz
0 -0.0659219 -0.0195995 0.772819 1 0.00106027 0.0034544 -0.00454037 0 0 0 0.054799 0.178538 -0.234665
0.275564 -0.0617607 -0.00604213 0.755 0.877063 0.00102768 0.0117436 -0.0128921 0.0151006 0.0491987 -0.0646653 -0.263214 -0.219886 0.446101
0.430017 -0.0657075 -0.0036888 0.755654 0.814891 -0.000524875 0.0139357 -0.0137943 -0.0255535 0.0152366 0.00423636 0.0325597 -0.019995 -0.00722345
1.13524 -0.0675352 -0.00288794 0.755049 0.582511 0.000227443 0.0101324 -0.0107086 -0.00259161 0.00113561 -0.000857795 0.000300507 -0.00130182 0.00387729
1.53821 -0.0685307 -0.00264172 0.755333 0.480834 5.13063e-05 0.00862187 -0.00896766 -0.00247051 0.000611012 0.000704641 0.0160766 -0.00589592 -0.0169493
1.64259 -0.0686134 -0.00264218 0.755222 0.457526 -0.00521453 0.0112846 -0.00973319 -0.000792466 -4.39319e-06 -0.0010645 -0.265529 0.153799 -0.062974
1.66657 -0.0687851 -0.00255386 0.755161 0.452334 0.002321 0.00723381 -0.00840724 -0.00715905 0.00368323 -0.00257442 0.160913 -0.0728974 0.0111868
1.73469 -0.0685261 -0.00264122 0.755037 0.437902 0.000174818 0.00840571 -0.00827539 0.00380218 -0.00128247 -0.00181239 -0.0177609 0.0270333 0.00823955
1.83423 -0.0683236 -0.002501 0.754938 0.417635 0.00052535 0.00789494 -0.00811685 0.00203414 0.00140862 -0.000992167 -0.00712169 -0.0023545 2.4936e-05
2.46644 -0.069884 -0.00255151 0.754321 0.309099 -0.000657453 0.00602456 -0.00673058 -0.0024682 -7.98978e-05 -0.000976402 0.00543797 -0.000104422 0.00860022
2.76653 -0.0701349 -0.00258489 0.754803 0.267952 -0.00050011 0.00550272 -0.00573139 -0.00083631 -0.000111234 0.00160445 0.00846986 0.00869736 -0.0125522
3.00265 -0.0698602 -0.00212624 0.754482 0.239465 -0.000342132 0.00509155 -0.00522773 0.00116362 0.00194241 -0.00135942 -0.0140995 -0.0222801 0.0188612
3.20248 -0.0701907 -0.00262775 0.754963 0.217736 -0.000545375 0.00414349 -0.00484956 -0.00165383 -0.00250972 0.00240952 -5.85935e-05 -0.00687546 -0.022901
3.36676 -0.0704639 -0.00322561 0.754741 0.201357 -0.000904386 0.00445135 -0.00687592 -0.00166345 -0.00363923 -0.0013527 -0.0086359 0.0586529 -0.113076
3.40427 -0.0705385 -0.00327959 0.754531 0.197794 -0.000568678 0.00372085 -0.00450358 -0.00198742 -0.00143893 -0.00559463 0.0131541 0.0164521 0.036877
3.60447 -0.0704092 -0.00290824 0.754889 0.179814 -0.00157741 0.00175492 -0.00326737 0.000646078 0.00185484 0.0017883 -0.0624407 -0.10476 0.0324138
3.66632 -0.070608 -0.0031942 0.755123 0.174597 -0.000734511 0.00304585 -0.00355086 -0.0032155 -0.00462391 0.0037929 0.00791806 0.0109884 -0.00818948
4.174 -0.0701997 -0.00270951 0.754938 0.137114 -0.000571488 0.00249566 -0.00235036 0.00080436 0.000954713 -0.000364765 -0.0329353 -0.0374028 0.0498725
4.27213 -0.0704379 -0.00297599 0.755383 0.130856 0.000790901 0.00333965 -0.00696522 -0.00242755 -0.00271559 0.00452918 0.0631299 0.0421138 -0.239709
4.31004 -0.0704392 -0.00301841 0.75521 0.128516 -0.000383713 0.00244135 -0.00281835 -3.41154e-05 -0.00111894 -0.00455887 -0.00917534 -0.00757436 0.0235173
4.57203 -0.0710778 -0.00383142 0.75563 0.113447 0.000253671 0.0020322 -0.00281106 -0.00243789 -0.00310328 0.00160223 0.064034 0.0348869 -0.0394575
4.67007 -0.0707013 -0.00380031 0.755407 0.108274 -0.000253387 0.00164576 -0.00237065 0.00384051 0.000317305 -0.00226649 -0.0119821 0.00175613 0.00815061
5.00278 -0.0707499 -0.00350034 0.755556 0.0924147 -0.000216051 0.00182856 -0.0020399 -0.000146024 0.000901585 0.000445281 0.00682973 0.00606696 -0.00881487
5.41052 -0.0696739 -0.00212407 0.754272 0.0761107 0.000722954 0.00260272 -0.0023677 0.00263875 0.00337534 -0.00314892 -0.017292 -0.0230551 0.0429617
5.57252 -0.0697003 -0.00218229 0.754889 0.0704622 0.000724654 0.00244682 -0.0021702 -0.000162439 -0.000359427 0.00381058 -0.00434014 -0.00618422 -0.015846
5.87051 -0.0701341 -0.00283857 0.754617 0.0611434 0.000428105 0.00183958 -0.00217846 -0.00145578 -0.00220229 -0.000911457 0.00634891 0.0125474 0.0114456
6.00591 -0.0702148 -0.00290673 0.754704 0.0573268 0.000629655 0.00175746 -0.00209625 -0.000596149 -0.000503403 0.000638256 0.0159873 0.00711714 0.00072665
6.30813 -0.0689347 -0.00240882 0.754963 0.0496453 0.00106505 0.00232037 -0.00185476 0.00423548 0.00164752 0.000857862 -0.0519679 0.00686249 -0.00792343
6.47307 -0.06965 -0.00195036 0.754889 0.0458963 0.000807891 0.00235245 -0.00176102 -0.00433641 0.00277946 -0.000449075 0.0103759 -0.0173187 0.00351362
6.7437 -0.0700636 -0.00246658 0.755025 0.0403486 0.000555213 0.00174939 -0.00150318 -0.00152839 -0.0019075 0.000501816 0.00429414 0.00443142 0.000573923
7.03816 -0.0701414 -0.00264403 0.755222 0.0350714 0.000466962 0.00143885 -0.00118483 -0.000263939 -0.000602626 0.000670813 -0.00344563 -0.00413117 0.00142298
7.30753 -0.0704625 -0.00310613 0.755506 0.0308506 0.000110691 0.000819035 -0.000805316 -0.00119209 -0.00171545 0.00105412 -0.00205177 -0.00366112 0.000899335
7.60621 -0.0710016 -0.00394507 0.755901 0.026762 -0.000112545 0.000412551 -0.000640674 -0.0018049 -0.00280892 0.00132273 0.0160586 0.0271138 -0.0158265
7.83791 -0.0705576 -0.00314022 0.755358 0.0239671 0.000149439 0.000834718 -0.000905454 0.001916 0.00347355 -0.00234438 -0.0112621 -0.0194041 0.0130723
8.00602 -0.0705538 -0.00310464 0.755333 0.0221239 0.00026302 0.000982096 -0.00117907 2.28031e-05 0.00021165 -0.000146889 0.00269036 0.00297179 -0.0115633
8.20642 -0.0704412 -0.00294288 0.75484 0.0201109 0.000691882 0.00139095 -0.00105037 0.000561954 0.0008072 -0.00246419 0.0160278 0.0146481 0.0295634
8.33985 -0.0700808 -0.00257439 0.755037 0.0188733 0.000688061 0.00151914 -0.00176348 0.00270053 0.00276169 0.00148043 -0.0129958 -0.00578716 -0.0368195
8.4402 -0.0699407 -0.00235553 0.754815 0.0179929 0.000667215 0.00141247 -0.00137516 0.00139639 0.00218094 -0.00221444 -0.0155122 -0.0192018 0.0110467
8.73817 -0.0709019 -0.00341061 0.755136 0.0156134 -6.3327e-05 0.000547475 -0.000990142 -0.0032259 -0.00354078 0.00107722 0.0171706 0.019033 -0.00294124
9.01268 -0.0704936 -0.00294841 0.75521 0.0137009 0.000360312 0.000965794 -0.000836642 0.00148743 0.00168378 0.000269847 -0.00431462 -0.005811 0.00322385
9.20612 -0.0703674 -0.00284014 0.755383 0.0124956 0.000297149 0.000856549 -0.000634214 0.000652788 0.000559669 0.000893489 -0.0105558 -0.0108632 0.000816139
9.44441 -0.0708112 -0.00332363 0.755642 0.0111556 -2.63025e-05 0.000378786 -0.000347263 -0.00186259 -0.00202897 0.00108797 0.00695185 0.00250363 0.000176742
