t x y z s fx fy fz dx dy dz ddx ddy ddz
0 0.17661 -0.0420397 0.733383 1 0.00028107 -0.00013963 0.000549113 0 0 0 0.0183076 -0.00909486 0.0357667
0.369016 0.179103 -0.0432782 0.738253 0.801412 0.00107816 0.000340225 0.00254162 0.00675579 -0.00335615 0.0131985 -0.0360576 0.0519978 -0.128597
0.500497 0.179368 -0.0428205 0.737765 0.740628 -0.000605271 0.000836373 0.00383346 0.00201491 0.00348056 -0.00370953 -0.106127 -0.0068665 0.116425
0.638006 0.177638 -0.0424718 0.739457 0.681982 -0.000909722 -0.00130492 0.00297369 -0.0125785 0.00253635 0.0123 0.0999133 -0.184342 -0.113487
0.739988 0.177394 -0.0441303 0.739531 0.641509 -0.00243389 -0.000662748 0.00367036 -0.0023891 -0.0162632 0.000726372 -0.023401 0.0606958 0.0148705
0.967938 0.175634 -0.0446837 0.740469 0.559515 -0.00344866 -0.000109775 0.00376408 -0.00772336 -0.00242759 0.0041161 0.0956636 0.0230929 -0.0186052
1.20126 0.179039 -0.043993 0.740417 0.486432 -0.00111853 0.000808888 0.00391665 0.0145969 0.00296044 -0.000224866 -0.069302 -0.0193528 0.0568357
1.40167 0.179181 -0.0441769 0.742654 0.431328 -0.000692779 0.000962749 0.0046358 0.000708185 -0.000918026 0.0111655 0.0565862 0.00571791 -0.0806873
1.63602 0.182455 -0.0440781 0.74084 0.374756 0.00153307 0.00139669 0.00235526 0.0139694 0.000421988 -0.00774391 -0.0617368 -0.000315767 0.0276244
1.93854 0.181031 -0.0439793 0.741025 0.312557 -0.000786715 0.00165509 0.00270857 -0.00470752 0.000326461 0.000613151 0.0186331 -0.0114062 0.0211845
2.06851 0.180734 -0.0441295 0.741463 0.289113 -0.0018411 0.00173097 0.000960106 -0.00228591 -0.00115592 0.00336635 -0.0335335 0.00364863 -0.125436
2.13733 0.180418 -0.0441918 0.7411 0.277419 -0.00129605 0.00161776 0.00256471 -0.00459389 -0.000904796 -0.00526689 0.0416303 -0.00527708 0.0588764
2.35015 0.181325 -0.0446233 0.742646 0.244169 -0.000935604 0.00158967 0.00290183 0.0042655 -0.00202782 0.00726265 -0.0296493 0.0157598 -0.0760913
2.56844 0.180844 -0.044315 0.740605 0.214197 -0.00210672 0.00196444 0.00171918 -0.00220688 0.00141251 -0.00934792 -0.022437 -0.010579 0.091655
2.70417 0.180131 -0.0443182 0.741025 0.197447 -0.00297637 0.00204772 0.00161808 -0.00525228 -2.33878e-05 0.00309251 -0.00685374 -0.00251928 -0.0063138
2.83766 0.179308 -0.0443662 0.741325 0.182252 -0.00244574 0.00176589 0.0018723 -0.00616716 -0.000359679 0.0022497 0.0939652 -0.0211752 0.00324522
3.00576 0.180926 -0.045025 0.741795 0.164769 -0.000630454 0.00131702 0.00146753 0.0096283 -0.00391921 0.00279522 0.0231633 0.00704089 -0.0481008
3.17326 0.183189 -0.0454839 0.740914 0.149017 0.00196863 0.00142348 -0.000148373 0.0135081 -0.00273988 -0.00526151 0.0300512 0.0314134 -0.0410819
3.40478 0.187927 -0.0444344 0.737493 0.129692 0.00542153 0.00210479 -0.00292239 0.0204656 0.00453301 -0.0147729 -0.0849143 -0.0417879 0.066152
3.67211 0.18733 -0.0462089 0.738272 0.110475 0.00419185 0.000115618 -0.00214288 -0.00223429 -0.00663803 0.00291133 0.0153787 0.00250087 -0.0271179
3.97216 0.188044 -0.0479755 0.736704 0.0922759 0.00274156 3.1538e-05 0.00492406 0.00238011 -0.00588763 -0.00522544 -0.143738 0.10127 0.591883
4.03984 0.187546 -0.0479101 0.739062 0.088604 -0.00927076 -0.00358059 -0.00430731 -0.0073491 0.00096704 0.0348373 -0.835318 -0.179506 -0.394549
4.10412 0.183623 -0.0485895 0.739671 0.0852524 -0.00219578 -0.00197378 -0.00042882 -0.0610402 -0.0105709 0.00947715 0.195476 0.0354413 -0.0321671
4.47556 0.187919 -0.0476263 0.738753 0.0682231 0.00415032 -0.000495465 -0.00153774 0.011567 0.00259332 -0.00247094 -0.0858331 -0.0137388 0.0335665
4.65418 0.187247 -0.0476014 0.739383 0.0612904 0.00352839 -0.000407126 -0.00115336 -0.00376493 0.00013922 0.00352488 0.0101164 0.00223555 -0.0138483
4.97988 0.187094 -0.0473189 0.739062 0.050412 0.0033091 1.07272e-05 -0.00161383 -0.000470022 0.000867339 -0.000985528 -0.00816261 0.00295481 0.00882
5.14308 0.1868 -0.0470987 0.739136 0.0457103 0.00290576 -2.21871e-05 -0.000922908 -0.00180215 0.00134956 0.000453887 -0.00525683 -0.0180107 0.0429803
5.27663 0.186465 -0.0472397 0.739963 0.042191 0.00284056 -2.15911e-05 -0.000684942 -0.00250419 -0.00105571 0.00619378 0.0180612 0.00397691 -0.0270651
5.5094 0.186861 -0.0472699 0.739938 0.0366922 0.00290268 8.10921e-05 -0.000965487 0.00169986 -0.000130021 -0.000106083 -0.0255141 0.00529466 -0.00425942
5.63993 0.186648 -0.0471967 0.739852 0.0339286 0.00280685 0.000168514 -0.00108552 -0.00163049 0.000561091 -0.000662065 0.00283689 0.00121261 -0.00181821
5.87219 0.186422 -0.047001 0.7396 0.0295157 0.00269872 0.000270508 -0.00126426 -0.000971593 0.000842731 -0.00108436 0.00877494 -0.0080979 0.00762615
6.04008 0.186507 -0.0470877 0.739633 0.0266876 0.002124 4.33081e-05 -0.00106631 0.000501657 -0.000516849 0.000196016 -0.0413691 -0.010326 0.0123402
6.17638 0.185806 -0.04735 0.739889 0.0245922 0.00180714 -6.13946e-05 -0.00100346 -0.00513707 -0.00192432 0.00187802 0.0174575 0.00739555 -0.00898293
6.44007 0.185666 -0.0473432 0.73976 0.0209939 0.00124602 -7.44037e-05 -0.00100105 -0.000533654 2.58293e-05 -0.000490706 -0.0350146 -0.00653206 0.0152133
6.57639 0.184942 -0.0474611 0.739975 0.0193454 0.000682646 -0.000181237 -0.000747005 -0.00530681 -0.000864615 0.00158316 0.00401023 -0.00121029 0.00645163
6.78818 0.183998 -0.0476985 0.7406 0.0170372 1.77997e-05 -0.000857514 -0.000263534 -0.00445748 -0.00112094 0.00294956 0.018358 -0.0291211 -0.00954505
6.87766 0.183746 -0.0480319 0.740788 0.0161467 -0.000182111 -0.000841687 -4.82066e-05 -0.00281481 -0.00372669 0.00209546 0.0126003 0.00849534 -0.00230845
7.20808 0.184192 -0.0483358 0.741228 0.0132433 0.000149044 -0.000899311 0.000215335 0.00134851 -0.000919722 0.00133272 -0.0177112 0.00715379 -0.00791942
7.43994 0.183552 -0.0481645 0.741111 0.0115236 -0.000299356 -0.000540294 7.57344e-05 -0.00275804 0.000738964 -0.000503483 0.0194858 0.00910556 0.00215479
