t x y z s fx fy fz dx dy dz ddx ddy ddz
0 0.302085 -0.208091 1.04038 1 0.000231993 1.4756e-05 -0.000332432 0 0 0 0.00437255 0.000278117 -0.00626561
0.500453 0.303181 -0.208021 1.03882 0.916791 0.00335138 0.000640958 0.00183621 0.00218826 0.000139185 -0.00313564 -0.00751735 0.00533809 0.0199779
0.936737 0.302704 -0.206944 1.04125 0.849921 0.00503804 0.00190337 0.00570971 -0.00109144 0.00246811 0.00558038 0.00152437 0.000735546 -0.00737116
1.73622 0.302806 -0.204501 1.041 0.739784 0.0074761 0.00500863 0.00830722 0.00012726 0.00305616 -0.000312706 -0.0178506 0.00534364 -0.00927765
2.53656 0.291474 -0.198632 1.03481 0.643823 -0.00616398 0.0140476 0.00507429 -0.0141592 0.00733289 -0.00773797 -0.0907226 0.0518941 0.00195219
2.60449 0.290093 -0.197895 1.03429 0.636274 -0.00331783 0.0134038 0.00359925 -0.0203228 0.0108585 -0.00760534 -0.00487022 0.0194396 -0.020824
3.70447 0.261846 -0.162429 1.00073 0.525673 -0.0280675 0.0496237 -0.0273517 -0.02568 0.0322416 -0.0305113 0.00847212 -0.00928719 0.00121181
4.17249 0.251683 -0.149374 0.986714 0.484654 -0.0375904 0.0655242 -0.0347334 -0.0217149 0.0278951 -0.0299441 -0.00900046 0.0491066 0.100866
4.33999 0.247793 -0.143324 0.984529 0.470764 -0.0444254 0.0797725 -0.0448048 -0.0232225 0.0361206 -0.0130488 -0.0697074 0.188887 -0.0845055
4.72883 0.228223 -0.100719 0.966677 0.440036 -0.062459 0.109931 -0.0601672 -0.0503278 0.109568 -0.0459083 -0.0121788 -0.171436 -0.000480744
4.97276 0.215223 -0.0841929 0.955451 0.421792 -0.0660863 0.142 -0.0710316 -0.0532985 0.067751 -0.0460256 0.159334 0.190866 -0.00430587
5.07231 0.211496 -0.0755565 0.950826 0.414566 -0.0777021 0.144201 -0.0736393 -0.0374365 0.0867521 -0.0464542 -0.0201216 0.0370906 0.0301323
5.47345 0.19324 -0.0347878 0.93704 0.386679 -0.0879046 0.174353 -0.101058 -0.0455082 0.101631 -0.0343668 0.129732 -0.189824 -0.263769
5.54022 0.19078 -0.0288482 0.933569 0.382223 -0.0942733 0.144679 -0.0792802 -0.0368461 0.0889564 -0.0519784 0.0389794 -0.839982 0.239139
5.60821 0.188455 -0.0266828 0.931141 0.377738 -0.100306 0.194756 -0.0939386 -0.0341962 0.0318521 -0.0357211 -0.0378683 0.159027 -0.0214421
6.10856 0.161865 0.0290665 0.9079 0.346313 -0.125746 0.244731 -0.111581 -0.0531435 0.111421 -0.0464496 -0.00175217 -0.0859035 0.0834706
6.41082 0.145642 0.0548967 0.901486 0.32861 -0.158304 0.269007 -0.122301 -0.0536731 0.0854553 -0.0212194 -0.318604 -0.0725228 -0.0507493
6.57772 0.127808 0.0671391 0.896531 0.319226 -0.155618 0.281131 -0.125358 -0.106849 0.0733511 -0.0296896 0.152567 -0.0549307 -0.00628248
6.88581 0.109371 0.0845239 0.886788 0.302602 -0.173458 0.30683 -0.130233 -0.0598444 0.0564276 -0.0316251 0.0753168 0.129257 0.0788627
7.04791 0.101649 0.0970666 0.883733 0.294205 -0.179661 0.305641 -0.132484 -0.047636 0.0773794 -0.018842 0.078686 -0.165405 0.0674575
7.27645 0.0948724 0.106112 0.882951 0.282762 -0.181072 0.335527 -0.132006 -0.0296526 0.0395766 -0.00342475 0.143137 0.290427 0.0584168
7.40815 0.0934499 0.116361 0.883513 0.27637 -0.190467 0.329515 -0.13484 -0.0108014 0.0778261 0.0042688 -0.0424753 -0.080956 -0.0223714
7.86676 0.0795631 0.135026 0.880765 0.255221 -0.202599 0.34305 -0.136895 -0.0302807 0.0406995 -0.00599078 0.0116664 -0.116371 -0.00460746
8.10825 0.0729309 0.138068 0.87905 0.244743 -0.196253 0.36299 -0.135514 -0.0274633 0.0125966 -0.00710345 0.245691 0.248842 0.0494036
8.20812 0.0726387 0.141808 0.878833 0.240536 -0.208968 0.344455 -0.139183 -0.00292563 0.037449 -0.00216941 -0.0321672 -0.213167 -0.026491
8.34401 0.0716472 0.142961 0.878049 0.234929 -0.220128 0.365015 -0.164574 -0.00729671 0.00848259 -0.00576917 -0.219577 0.201104 -0.487536
8.41228 0.0701253 0.144478 0.875383 0.232161 -0.211939 0.344233 -0.12683 -0.0222888 0.0222133 -0.0390566 -0.0128106 -0.242503 0.328581
8.54475 0.0669481 0.143165 0.875975 0.226883 -0.209519 0.35328 -0.139842 -0.0239857 -0.00990979 0.00446885 0.092593 0.00658217 -0.00433227
8.91632 0.0708194 0.140392 0.877037 0.212711 -0.208575 0.349708 -0.138082 0.010419 -0.00746406 0.00285911 -0.0284761 -0.0134752 0.00308595
9.47622 0.0677261 0.131988 0.879605 0.193009 -0.222909 0.340034 -0.136582 -0.0055248 -0.0150088 0.00458693 -0.224422 -0.0259377 -0.0316687
9.5869 0.0643654 0.130009 0.879725 0.189336 -0.202866 0.333772 -0.151759 -0.0303641 -0.0178796 0.0010818 0.2565 -0.10205 -0.316254
9.65366 0.0634815 0.128361 0.878388 0.187154 -0.219283 0.335985 -0.134024 -0.0132389 -0.024693 -0.0200329 -0.066348 -0.0179178 0.0775213
9.84398 0.0585589 0.123012 0.877383 0.181072 -0.238542 0.316247 -0.141919 -0.0258657 -0.028103 -0.00527966 -0.318663 -0.28375 -0.0808324
9.98251 0.04886 0.113674 0.8751 0.17677 -0.233072 0.317063 -0.139765 -0.0700113 -0.067412 -0.0164777 0.0392636 -0.026363 0.0191072
10.28 0.0315057 0.0912835 0.871889 0.167872 -0.25147 0.295905 -0.143673 -0.0583296 -0.0752555 -0.0107929 -0.00504627 0.00953108 -0.00890053
10.7146 0.00520714 0.0603825 0.865519 0.155675 -0.283342 0.25681 -0.1511 -0.0605224 -0.071114 -0.0146604 -0.113197 -0.152662 -0.0295608
10.8518 -0.0052275 0.0477518 0.862951 0.152011 -0.276484 0.263221 -0.14753 -0.0760532 -0.0920595 -0.0187162 0.236863 0.241322 0.0907887
11.0133 -0.0113322 0.0391779 0.862296 0.147807 -0.292701 0.24619 -0.151443 -0.0377915 -0.0530776 -0.00405068 -0.0205748 0.0159348 0.0021435
11.3802 -0.0279654 0.0218505 0.861099 0.138688 -0.311588 0.223757 -0.151723 -0.0453396 -0.0472318 -0.00326431 -0.0554054 -0.090703 0.0126933
11.5528 -0.0374469 0.0109897 0.860914 0.134592 -0.322835 0.210063 -0.15026 -0.0549071 -0.0628945 -0.00107241 -0.0748351 -0.117964 0.0376105
11.7479 -0.0510069 -0.00577001 0.862136 0.13011 -0.329809 0.201036 -0.149611 -0.0695066 -0.0859079 0.00626499 0.0714164 0.0662964 0.0117802
12.1126 -0.0668574 -0.0282833 0.865988 0.122128 -0.349122 0.175916 -0.140548 -0.0434602 -0.0617289 0.0105614 -0.0422059 -0.0240886 0.0980013
12.2175 -0.0718789 -0.0350213 0.868173 0.119925 -0.352477 0.168194 -0.1453 -0.0478861 -0.0642549 0.0208382 -0.00456104 -0.0385172 -0.0513851
12.5482 -0.0882135 -0.0604825 0.869444 0.113234 -0.368719 0.146973 -0.140087 -0.0493944 -0.0769925 0.00384522 -0.00399318 0.0624533 0.0475691
12.7485 -0.0982682 -0.0733993 0.872123 0.109364 -0.377853 0.139871 -0.14939 -0.0501943 -0.0644821 0.013374 0.012559 0.150715 -0.196633
12.8481 -0.103141 -0.0783248 0.871506 0.107491 -0.389527 0.118356 -0.136252 -0.0489441 -0.0494784 -0.00620079 -0.118802 -0.187363 0.0945158
13.0838 -0.121279 -0.100399 0.875296 0.103181 -0.408697 0.0898315 -0.144117 -0.0769484 -0.0936441 0.0160787 -0.0934259 -0.234756 -0.16528
13.1571 -0.127423 -0.108527 0.875587 0.101876 -0.399728 0.11216 -0.137718 -0.0837984 -0.110857 0.00396022 0.202249 0.36822 -0.0304869
13.3804 -0.136051 -0.11492 0.874951 0.098002 -0.427462 0.0792154 -0.130454 -0.0386321 -0.0286253 -0.00284814 -0.236168 -0.271093 0.127584
13.5879 -0.154232 -0.132529 0.879852 0.094535 -0.429139 0.0792404 -0.133835 -0.087632 -0.0848715 0.0236228 0.155577 0.155873 -0.0752097
13.9484 -0.165604 -0.142867 0.878593 0.0887998 -0.448639 0.059913 -0.135292 -0.0315413 -0.0286741 -0.00349278 -0.0953718 -0.108654 -0.0366294
14.2239 -0.181526 -0.159007 0.874852 0.0846539 -0.454069 0.0540326 -0.133141 -0.0578093 -0.0586004 -0.0135815 0.144363 0.134911 0.0889504
14.4587 -0.187141 -0.165328 0.876568 0.0812722 -0.483269 0.0102892 -0.129815 -0.0239075 -0.0269181 0.00730739 -0.359213 -0.62403 0.0820703
14.5594 -0.19319 -0.174366 0.878136 0.079864 -0.46487 0.0464842 -0.136771 -0.0600773 -0.089753 0.0155712 0.161761 0.334338 -0.093353
14.7185 -0.198654 -0.180182 0.87825 0.0776883 -0.476596 0.0253682 -0.130454 -0.0343394 -0.0365562 0.000717729 -0.000859005 -0.0438395 0.0472936
14.9856 -0.207886 -0.193072 0.881815 0.0741688 -0.483041 0.0192356 -0.129958 -0.0345688 -0.0482641 0.0133482 0.0500989 0.103034 -0.0339233
15.3163 -0.213839 -0.197763 0.882519 0.0700301 -0.489743 0.0159194 -0.131835 -0.0179978 -0.0141841 0.00212751 0.00573867 0.0712465 -0.0661143
15.4171 -0.215594 -0.198469 0.882062 0.0688159 -0.492748 0.00904546 -0.128036 -0.0174196 -0.00700574 -0.00453376 -0.0194699 -0.0571852 0.0246019
15.7525 -0.223627 -0.207252 0.883309 0.0649236 -0.503905 0.00458193 -0.127796 -0.0239498 -0.0261856 0.0037177 -0.069525 0.0563106 -0.0105897
15.9057 -0.228926 -0.209942 0.88363 0.0632201 -0.504587 -0.00184202 -0.126992 -0.0345989 -0.0175606 0.00209569 0.0345172 -0.0287173 0.000235677
16.2842 -0.237078 -0.220706 0.884457 0.0591989 -0.500877 -0.0388567 -0.0738134 -0.0215314 -0.0284324 0.00218491 0.233799 -0.505409 0.984395
16.3203 -0.23755 -0.222387 0.885815 0.0588296 -0.510582 -0.0179933 -0.130882 -0.0131032 -0.0466519 0.0376715 0.0453843 -0.0497928 -0.176857
16.3929 -0.238262 -0.226035 0.887617 0.058093 -0.515783 -0.0130433 -0.122576 -0.00980944 -0.0502656 0.0248363 -0.0452019 0.118307 -0.0330924
16.6204 -0.242835 -0.231347 0.891556 0.0558428 -0.516744 -0.0210218 -0.118772 -0.0200963 -0.0233416 0.0173052 0.0389835 0.0225206 -0.0242661
17.0363 -0.244451 -0.237159 0.894556 0.0519535 -0.518104 -0.0263413 -0.114845 -0.00388483 -0.0139763 0.00721403 0.0142962 0.0157742 0.00792205
17.3526 -0.24425 -0.240002 0.89763 0.049178 -0.517236 -0.029295 -0.113312 0.000636709 -0.00898727 0.00971959 0.0176993 0.00509462 -0.0270073
17.6531 -0.242459 -0.242243 0.898111 0.0466778 -0.516545 -0.0283445 -0.113188 0.00595666 -0.00745596 0.00160188 -0.0133886 0.0625103 -0.0215391
17.8245 -0.241832 -0.241685 0.897753 0.0453096 -0.516637 -0.0320469 -0.111375 0.00366229 0.00325625 -0.00208922 -0.0238473 -0.0359336 0.0247757
18.1522 -0.243192 -0.244476 0.899728 0.0428044 -0.516488 -0.0315404 -0.112382 -0.00415137 -0.00851755 0.00602863 0.0163691 0.0459052 -0.0466012
18.2525 -0.243443 -0.244868 0.899864 0.0420654 -0.515381 -0.0368151 -0.112675 -0.00250928 -0.00391248 0.00135375 0.0388166 -0.0539229 -0.0472458
18.352 -0.243309 -0.245792 0.899531 0.0413448 -0.519084 -0.0354795 -0.10727 0.00135433 -0.0092797 -0.00334887 -0.0404401 -0.00233811 0.0684069
18.5201 -0.244224 -0.247418 0.900901 0.0401557 -0.515853 -0.0366324 -0.109065 -0.00544425 -0.00967277 0.00815136 0.0485105 0.00717077 -0.0113496
18.6566 -0.244063 -0.248605 0.901803 0.0392153 -0.517717 -0.0371463 -0.108128 0.00117786 -0.0086939 0.00660205 -0.00134684 0.0181435 -0.00862691
18.9442 -0.243836 -0.249604 0.902988 0.0373055 -0.516059 -0.0384981 -0.10739 0.00079051 -0.00347587 0.00412097 0.0252006 0.00259176 -0.0139923
19.261 -0.241056 -0.250445 0.902889 0.0353093 -0.490962 -0.0375489 -0.101424 0.00877401 -0.00265481 -0.000311762 0.431275 0.0348243 0.106592
19.3569 -0.236247 -0.25038 0.90384 0.0347263 -0.512382 -0.038634 -0.104522 0.0501377 0.000685194 0.00991153 -0.133134 0.00746736 0.0126947
19.656 -0.233159 -0.249507 0.907938 0.0329697 -0.503302 -0.0406481 -0.095709 0.0103283 0.00291806 0.0137075 0.045923 -0.050814 0.0941124
19.7904 -0.230941 -0.250033 0.911482 0.0322093 -0.496686 -0.0393408 -0.100518 0.0165014 -0.00391256 0.0263584 0.117987 -0.00479364 -0.0850974
20.1324 -0.211499 -0.251932 0.910543 0.0303528 -0.481945 -0.0414507 -0.0964814 0.0568513 -0.00555191 -0.00274359 -0.0396783 -0.0061265 0.0566334
20.4335 -0.197978 -0.254159 0.914852 0.028807 -0.46588 -0.0428005 -0.0942693 0.0449038 -0.00739665 0.0143092 0.0275582 0.0134232 -0.0125491
20.9242 -0.169304 -0.254556 0.918852 0.0264544 -0.408265 -0.0371277 -0.0857522 0.0584281 -0.000809127 0.00815068 0.54892 0.116575 0.0815699
20.992 -0.16283 -0.254076 0.919778 0.0261453 -0.416043 -0.04458 -0.0954136 0.0955977 0.00708461 0.0136741 0.217468 -0.0462526 -0.127473
21.0904 -0.151316 -0.253827 0.919889 0.0257024 -0.433166 -0.0452377 -0.0876845 0.117 0.00253271 0.00112899 -0.358604 -0.0557003 0.0369959
21.2243 -0.142079 -0.254487 0.920704 0.0251117 -0.413031 -0.044216 -0.0910894 0.0689714 -0.00492729 0.00608388 -0.0725772 -0.0114672 -0.0512406
21.4248 -0.131169 -0.255936 0.919864 0.0242529 -0.371683 -0.0393399 -0.0986152 0.0544225 -0.00722602 -0.00418789 0.525175 0.11156 -0.160458
21.557 -0.114796 -0.254941 0.916506 0.0237027 -0.380532 -0.043135 -0.0936498 0.123852 0.00752242 -0.0254007 -0.0675577 -0.00360984 0.0318536
22.1945 -0.0632946 -0.251613 0.913259 0.0212194 -0.337467 -0.0406653 -0.0945182 0.080781 0.00522101 -0.00509289 -0.155345 -0.0160736 0.0409709
22.3561 -0.0542972 -0.251189 0.913506 0.0206324 -0.301758 -0.0384396 -0.0932651 0.0556774 0.00262354 0.00152797 0.390114 0.0222261 0.0484242
22.5309 -0.0326418 -0.250051 0.915253 0.0200156 -0.298351 -0.0371902 -0.094121 0.123876 0.00650902 0.00999329 -0.0691391 0.0177403 -0.0152717
22.8923 0.00309414 -0.245382 0.91687 0.0187986 -0.256553 -0.0271533 -0.0979795 0.0988911 0.0129198 0.0044746 0.0865587 0.108034 -0.109893
22.9598 0.0101699 -0.244016 0.916671 0.0185794 -0.25773 -0.0352107 -0.088859 0.104739 0.0202181 -0.00294933 -0.0789739 -0.0818893 0.0781485
23.1258 0.0253754 -0.242916 0.918333 0.0180519 -0.262495 -0.0308975 -0.0954541 0.0916339 0.00662959 0.0100185 -0.433583 0.00154496 -0.0996619
23.2604 0.0298545 -0.241996 0.917877 0.017635 -0.22415 -0.0283236 -0.087762 0.033282 0.00683752 -0.00339412 0.302866 0.0323367 0.0762894
23.4603 0.048612 -0.239337 0.920247 0.0170335 -0.227517 -0.0276148 -0.0891275 0.0938286 0.013302 0.0118571 -0.216549 -0.0153607 -0.020191
23.7285 0.0581986 -0.236873 0.921975 0.0162585 -0.204608 -0.0242573 -0.0834925 0.035735 0.00918121 0.00644044 0.132065 0.00839643 0.0621205
24.1605 0.0982716 -0.231341 0.936346 0.015084 -0.164707 -0.018388 -0.0703805 0.0927775 0.0128079 0.0332719 0.0320028 0.00856639 -0.0075401
24.4326 0.125891 -0.227221 0.944842 0.0143879 -0.14223 -0.0157302 -0.0630798 0.101487 0.0151392 0.0312199 -0.0800026 -0.0229695 -0.0270311
24.8335 0.153718 -0.224844 0.953013 0.0134208 -0.124438 -0.0156662 -0.0546089 0.0694169 0.00593157 0.0203841 -0.215602 -0.0511168 -0.00369051
24.9601 0.159051 -0.224912 0.955536 0.0131289 -0.102389 -0.0124405 -0.0526179 0.0421059 -0.000543556 0.0199166 0.145324 0.021876 -0.0131018
25.2344 0.181524 -0.223417 0.960012 0.0125186 -0.104541 -0.0100262 -0.0449791 0.0819541 0.00545489 0.0163241 -0.386305 0.0290396 0.0522018
25.329 0.18582 -0.22264 0.962026 0.0123145 -0.081823 -0.0104919 -0.044501 0.0453771 0.00820449 0.0212668 0.0224486 0.000971199 0.0148055
