t x y z s fx fy fz dx dy dz ddx ddy ddz
0 0.202792 -0.0595181 0.72463 1 0.00131245 0.000597973 0.000445258 0 0 0 0.0398118 0.0181388 0.0135064
0.171026 0.203956 -0.0589876 0.725025 0.953342 -0.000754693 -0.00231765 -0.00183668 0.00680885 0.00310221 0.00230994 -0.000371271 -0.106395 -0.0062207
0.26559 0.204597 -0.0596456 0.725188 0.928484 -0.00558615 -3.29499e-05 -0.00355075 0.00677374 -0.00695889 0.00172169 -0.125605 0.00399787 -0.0254674
0.380422 0.203718 -0.060392 0.725049 0.899169 -0.00474647 -0.000167022 -0.00436283 -0.00764971 -0.0064998 -0.00120279 0.0135954 0.0140499 0.00458627
1.0467 0.204657 -0.0584856 0.726284 0.746446 0.00107202 0.016138 -0.0291424 0.00140855 0.00286132 0.00185293 0.386854 0.387509 -0.571074
1.07256 0.204952 -0.0581525 0.72595 0.741073 -0.0134503 0.00113859 -0.00964875 0.0114121 0.0128818 -0.0129144 -0.0809689 -0.106105 0.0782404
1.23274 0.204703 -0.0588115 0.725889 0.708639 -0.0120033 0.00474749 -0.0131441 -0.00155778 -0.00411453 -0.000381507 0.058737 0.0614221 -0.0128466
1.333 0.205137 -0.0586067 0.725722 0.689065 -0.0165604 0.00305048 -0.0121764 0.00433089 0.00204335 -0.00166945 -0.0766289 -0.0178342 0.0534973
1.50097 0.203702 -0.0587667 0.726951 0.657474 -0.0278457 0.0170579 -0.0130647 -0.00854115 -0.000952426 0.00731697 -0.288837 0.412206 0.0107571
1.73515 0.185863 -0.0363852 0.729254 0.615836 -0.0560591 0.0426892 -0.0269639 -0.0761797 0.0955758 0.00983602 -0.351904 0.238555 -0.427108
1.90314 0.163135 -0.0135976 0.718853 0.5876 -0.0621536 0.06182 -0.0343196 -0.135295 0.13565 -0.061913 0.359228 0.0118953 -0.0990852
2.07226 0.150528 0.00968476 0.705548 0.560481 -0.0778941 0.0692011 -0.0397376 -0.07454 0.137662 -0.078671 0.143688 -0.48264 0.225011
2.27004 0.141406 0.0180322 0.69879 0.530351 -0.0920872 0.0894646 -0.0515191 -0.0461215 0.0422059 -0.0341685 -0.0379607 0.130325 -0.00437098
2.50131 0.128709 0.0347633 0.690654 0.497167 -0.105881 0.105578 -0.0618403 -0.0549005 0.0723456 -0.0351794 0.00686495 0.0215696 -0.0197412
2.96889 0.10454 0.0733068 0.669889 0.436283 -0.131764 0.148755 -0.0839941 -0.0516905 0.0824312 -0.0444101 0.0457543 0.119653 0.0515894
3.06892 0.0998273 0.082749 0.665963 0.42426 -0.386969 0.884269 -0.244879 -0.047114 0.0943994 -0.0392499 -7.54538 22.1087 -4.70612
3.10181 0.0901132 0.109776 0.65958 0.420379 -0.136612 0.137615 -0.0861755 -0.295313 0.821649 -0.194054 1.02332 -3.33406 0.727231
3.33738 0.0773328 0.118317 0.654222 0.393603 -0.156539 0.177967 -0.101144 -0.0542537 0.0362575 -0.0227431 0.196286 -0.24489 0.00977396
3.47283 0.0735854 0.118736 0.651321 0.378986 -0.164275 0.186201 -0.103504 -0.0276669 0.00308706 -0.0214192 0.0270886 0.078561 0.0438115
3.71344 0.0684966 0.124027 0.648704 0.354346 -0.169962 0.188686 -0.107303 -0.0211489 0.02199 -0.0108775 0.0315425 -0.0639799 0.0151619
3.90088 0.0656407 0.125901 0.647198 0.336268 -0.176066 0.188667 -0.110432 -0.0152367 0.00999779 -0.0080356 -0.0534491 -0.0933403 -0.0155449
4.06899 0.0615689 0.124944 0.645407 0.32084 -0.205951 0.186932 -0.116155 -0.0242218 -0.00569326 -0.0106488 -0.786845 -0.0781797 -0.105331
4.13693 0.0562902 0.124196 0.644198 0.314806 -0.185062 0.18926 -0.113889 -0.0776864 -0.0110054 -0.0178059 0.161841 0.0280219 0.028283
4.54036 0.0512894 0.124317 0.641617 0.281251 -0.189073 0.189657 -0.117483 -0.012396 0.000299236 -0.00639588 0.0696043 -0.00260885 0.0152936
4.73791 0.0515571 0.124274 0.640951 0.266148 -0.191775 0.188211 -0.119161 0.00135482 -0.000216161 -0.00337453 -0.0330583 -0.0475056 -0.00167459
4.9067 0.0508439 0.122884 0.640333 0.253889 -0.193412 0.188318 -0.120211 -0.00422503 -0.00823453 -0.00365718 -0.02589 0.0165976 0.00377322
5.13692 0.048499 0.121868 0.639691 0.238073 -0.210356 0.173237 -0.109381 -0.0101854 -0.00441341 -0.0027885 -0.426717 -0.424342 0.372356
5.37313 0.0222846 0.0971493 0.659808 0.222869 -0.229365 0.152314 -0.129536 -0.11098 -0.104647 0.0851653 0.0902098 -0.0410316 -1.06579
5.57738 0.00338039 0.0740636 0.632741 0.210507 -0.355065 0.0134606 -0.0830494 -0.0925547 -0.113028 -0.132522 -3.17911 -3.53303 1.77396
5.67268 -0.0343116 0.0312063 0.636222 0.204976 -0.298488 0.0761354 -0.12445 -0.395517 -0.449719 0.0365326 0.511483 0.580279 -0.0381325
6.17549 -0.10387 -0.0482121 0.644951 0.178113 -0.341605 0.0245535 -0.123049 -0.138339 -0.15795 0.0173593 0.659711 0.626388 -0.169369
6.33773 -0.108949 -0.0573499 0.643309 0.170219 -0.354808 0.0128841 -0.122804 -0.0313033 -0.0563201 -0.0101202 0.135792 0.271901 -0.0261069
6.43764 -0.110721 -0.0602627 0.642037 0.165534 -0.359479 0.00602935 -0.123885 -0.0177373 -0.0291565 -0.0127284 0.0187059 0.0774649 -0.00645569
6.60483 -0.113163 -0.062972 0.639728 0.157979 -0.370264 -0.00569199 -0.121361 -0.0146096 -0.0162044 -0.0138078 -0.230477 -0.232919 0.154023
6.77341 -0.122176 -0.0723229 0.641778 0.150711 -0.370096 -0.00725524 -0.123994 -0.0534627 -0.0554692 0.012157 0.165319 0.108035 -0.0478891
7.07289 -0.12336 -0.0792453 0.641123 0.138614 -0.376085 -0.0169163 -0.124205 -0.00395296 -0.0231148 -0.00218487 -0.0949862 -0.065822 0.0220224
7.20584 -0.125564 -0.0834817 0.641222 0.13356 -0.375544 -0.0179854 -0.125112 -0.016581 -0.0318656 0.000742917 0.030811 0.0527402 -0.00907814
7.60473 -0.127276 -0.0878009 0.640074 0.119475 -0.377164 -0.0217142 -0.126381 -0.00429059 -0.0108277 -0.00287832 0.0232935 0.0100746 0.0175187
7.77322 -0.127337 -0.0893392 0.640086 0.113981 -0.377815 -0.0228363 -0.126982 -0.000366028 -0.00913035 7.32878e-05 0.00373561 0.016731 -0.00110845
8.17335 -0.126886 -0.0903138 0.639938 0.101926 -0.377113 -0.0230833 -0.129146 0.00112872 -0.00243569 -0.000370241 0.0270155 0.0176472 -0.0435585
8.27297 -0.126505 -0.0903813 0.639469 0.099128 -0.379898 -0.0201704 -0.128124 0.00381992 -0.000677728 -0.00470941 -0.0717627 0.102589 0.0175007
8.30934 -0.126461 -0.0902702 0.639321 0.0981257 -0.377987 -0.0235437 -0.128239 0.00120955 0.00305395 -0.00407283 -0.00639612 -0.0134787 0.0182361
8.50894 -0.126475 -0.0901976 0.639235 0.0928036 -0.376021 -0.0228337 -0.135108 -6.70944e-05 0.000363638 -0.000432962 0.065814 0.0118355 -0.189639
8.57385 -0.126202 -0.0901241 0.638407 0.0911357 -0.377366 -0.0231481 -0.129497 0.00420503 0.00113191 -0.0127428 0.00787344 -0.00242967 0.0414535
8.80909 -0.124777 -0.0899923 0.637704 0.0853388 -0.375475 -0.0226606 -0.130884 0.00605714 0.000560364 -0.00299152 0.0264699 0.00847141 0.00270503
9.10932 -0.120572 -0.0890605 0.637049 0.0784726 -0.372016 -0.0223611 -0.131108 0.0140042 0.00310374 -0.00217938 -0.00647163 -0.0193136 0.0235124
9.40989 -0.116948 -0.0898724 0.638519 0.0721519 -0.343449 -0.0209899 -0.135999 0.012059 -0.00270138 0.00488779 0.765756 0.0610894 -0.179401
9.44149 -0.115802 -0.0898968 0.638494 0.0715177 -0.367315 -0.0230466 -0.127926 0.036257 -0.000770944 -0.000781289 -0.0575651 -0.00595236 0.0825258
9.57917 -0.111901 -0.0901158 0.639951 0.068819 -0.356211 -0.0224207 -0.130317 0.0283314 -0.00159047 0.0105809 0.186843 0.0212286 -0.0610884
9.8411 -0.0916609 -0.0890759 0.638531 0.0639626 -0.339912 -0.0216436 -0.13058 0.0772721 0.00397005 -0.00542025 -0.0575375 -0.00303324 0.0244473
10.447 -0.0659645 -0.087784 0.644222 0.0540016 -0.290087 -0.00827175 -0.130552 0.0424088 0.00213214 0.00939289 0.785248 0.36591 -0.173067
10.5103 -0.0601351 -0.0861833 0.644123 0.0530551 -0.329371 -0.0271832 -0.117574 0.092107 0.0252905 -0.00156049 -0.716508 -0.319367 0.254687
10.59 -0.0573457 -0.0861966 0.645617 0.0518866 -0.301521 -0.0187386 -0.123151 0.034994 -0.000166241 0.0187406 0.200556 0.00596976 -0.0131591
10.7771 -0.0437842 -0.0860188 0.648662 0.0492449 -0.288428 -0.0182034 -0.120454 0.0725059 0.000950337 0.0162794 0.088877 0.0131281 -0.0132225
11.0104 -0.0220278 -0.0850824 0.651741 0.0461371 -0.264827 -0.01908 -0.116429 0.0932435 0.0040135 0.0131942 0.093653 -0.0509508 0.0283876
11.209 0.000187984 -0.0862954 0.655482 0.0436465 -0.251645 -0.0183526 -0.112546 0.111846 -0.00610682 0.0188328 -0.226783 0.0347476 0.0210017
11.4121 0.0135492 -0.0861023 0.660173 0.0412387 -0.226206 -0.0185193 -0.110065 0.0657852 0.000950563 0.0230983 0.268488 0.00408967 -0.0541
11.5089 0.0224275 -0.085972 0.661901 0.0401389 -0.249915 -0.0199669 -0.103138 0.0917622 0.00134625 0.017864 -0.788674 -0.0451187 0.119377
11.5772 0.0250154 -0.0860907 0.663679 0.03938 -0.22164 -0.018163 -0.104986 0.0378776 -0.0017364 0.0260202 0.137954 0.0213748 -0.0116212
11.9451 0.0576235 -0.0838363 0.671679 0.0355333 -0.196574 -0.0171825 -0.0967987 0.0886316 0.0061275 0.0217447 -0.222254 -0.0395588 0.0112362
12.0779 0.0654748 -0.0837204 0.674765 0.0342389 -0.182842 -0.0170072 -0.094003 0.0591111 0.000873186 0.0232371 0.0383483 -0.0238223 0.000249355
12.2148 0.0742839 -0.0840471 0.677951 0.0329543 -0.174942 -0.0169399 -0.0899985 0.0643599 -0.00238743 0.0232712 -0.00137517 -0.0033438 0.026873
12.4446 0.0889986 -0.0847722 0.684716 0.0309054 -0.161014 -0.0176807 -0.0828652 0.0640439 -0.0031557 0.0294456 -0.0210302 -0.00224442 0.0242565
12.7127 0.10466 -0.0857798 0.694356 0.0286746 -0.142424 -0.0176726 -0.0753542 0.0584046 -0.00375755 0.03595 0.0867726 0.0296437 -0.0547372
12.9135 0.119881 -0.0853395 0.699367 0.0271107 -0.133525 -0.0168851 -0.0708614 0.0758236 0.00219322 0.0249619 -0.149695 0.0236454 -0.0383721
13.1131 0.129052 -0.0839595 0.702821 0.0256401 -0.105393 -0.0139627 -0.0626789 0.0459419 0.00691325 0.0173022 0.508943 0.0572604 0.127987
13.3164 0.159432 -0.0801868 0.71163 0.0242242 -0.0890729 -0.0123084 -0.0563987 0.14942 0.0185554 0.0433245 -0.195992 -0.038938 -0.0172617
13.7898 0.186243 -0.0801294 0.728272 0.021223 -0.0530193 -0.00556108 -0.0404858 0.0566329 0.000121247 0.0351524 0.341013 0.213263 -0.0128474
13.9169 0.198946 -0.0766707 0.732531 0.0204828 -0.0507675 -0.00822577 -0.0363068 0.0999644 0.0272199 0.0335199 -0.0923405 -0.0461906 -0.00977769
14.2814 0.223114 -0.0728859 0.74345 0.0184996 -0.031473 -0.00545545 -0.0238434 0.0663056 0.0103831 0.0299558 -0.145636 -0.0317731 0.0496142
14.4146 0.229362 -0.0720666 0.74832 0.0178238 -0.023905 -2.99171e-05 -0.0258548 0.0469082 0.00615122 0.036564 -0.0518549 0.119266 -0.176074
14.5691 0.235373 -0.0682675 0.749765 0.0170706 -0.0243103 -0.00458771 -0.0226901 0.0388943 0.0245831 0.0093529 -0.223507 -0.184428 -0.0489994
14.7532 0.234961 -0.0699896 0.749827 0.0162151 -0.0174869 -0.00101204 -0.0198824 -0.00223825 -0.00935771 0.000335392 0.108965 0.0681487 0.060005
14.9901 0.240548 -0.0683812 0.753275 0.0151765 -0.0120098 0.000247091 -0.0170557 0.0235786 0.00678863 0.0145523 0.0373027 0.0134885 0.00409805
15.3141 0.252102 -0.064766 0.75842 0.0138631 -0.00677669 0.00241106 -0.0153216 0.0356639 0.0111586 0.0158799 -0.185084 -0.0427137 -0.101056
15.5489 0.250269 -0.0645014 0.756575 0.0129827 -0.00467587 0.00209997 -0.0132451 -0.00780586 0.00112667 -0.00785453 0.0536335 -0.0331775 0.083565
15.7496 0.250861 -0.0656107 0.758363 0.012275 -0.00444754 0.00211911 -0.0135921 0.00295392 -0.00552931 0.00891002 0.014548 0.0189348 -0.0256409
15.9179 0.251771 -0.0660049 0.759136 0.0117109 -0.00309449 0.00112199 -0.0104556 0.00540353 -0.00234106 0.00459257 0.0222685 -0.00814462 0.0585776
16.0507 0.252881 -0.0664592 0.760778 0.0112846 -0.00348319 0.00124779 -0.0103589 0.0083597 -0.00342226 0.0123688 -0.0305085 0.0122797 -0.00877596
16.217 0.253427 -0.0666887 0.762593 0.0107721 -0.00129003 0.000500447 -0.00515448 0.00328425 -0.00137938 0.0109088 0.0340536 -0.00909885 0.0987501
