t x y z s fx fy fz dx dy dz ddx ddy ddz
0 0.128301 -0.0812766 0.708763 1 -0.00474514 -0.00355449 -0.00444643 0 0 0 -0.222151 -0.166408 -0.208166
0.057429 0.127568 -0.0818254 0.708076 0.975541 0.184144 0.155801 -0.232151 -0.0127579 -0.00955667 -0.0119548 8.6916 7.35203 -10.8186
0.067497 0.128321 -0.0811764 0.706859 0.971315 8.6991e-05 -0.000155446 -0.000542292 0.0747489 0.0644633 -0.120876 -0.329907 -0.290964 0.532029
0.267599 0.130068 -0.0799276 0.703974 0.891021 0.00346807 0.00229213 -0.0025781 0.0087337 0.00624083 -0.0144157 -0.0331152 -0.0164098 0.0200169
0.59956 0.129318 -0.0796642 0.701395 0.772188 0.00410865 0.00310524 -0.00106463 -0.00225925 0.000793415 -0.00777087 -0.00502527 -0.0054078 0.0270002
0.840482 0.128482 -0.079787 0.70109 0.695995 0.00592326 0.00324573 0.0012702 -0.00346995 -0.000509444 -0.00126593 0.0708914 -0.0117016 0.0228022
0.967912 0.129191 -0.0800419 0.701299 0.658784 0.0051286 0.00367728 0.0011076 0.00556373 -0.00200057 0.00163975 -0.0633356 0.0149243 -0.0558654
1.13799 0.128305 -0.0799504 0.699962 0.612199 0.00637189 0.0038768 0.00291351 -0.00520845 0.000537776 -0.0078619 0.0488965 -0.00536458 0.0695936
1.28854 0.12863 -0.0799911 0.700355 0.57372 0.00508203 0.00514363 0.00241607 0.00215282 -0.00026985 0.00261528 -0.0843777 0.0470708 -0.066778
1.47418 0.126121 -0.078419 0.698539 0.529586 0.00204762 0.0083492 0.000538754 -0.013511 0.00846833 -0.00978132 -0.0742658 0.0730116 -0.07599
2.0047 0.0980514 -0.0533773 0.671963 0.421297 -0.0302004 0.0520387 -0.02597 -0.0529104 0.0472023 -0.0500954 -0.180566 0.74963 -0.0469093
2.20389 0.0803483 -0.0142334 0.660123 0.386623 -0.0432386 0.0788319 -0.0321794 -0.0888768 0.196519 -0.0594391 0.164204 -0.46479 0.21004
2.43661 0.0685579 0.00632791 0.657667 0.349708 -0.0538541 0.0969691 -0.0329388 -0.0506617 0.0883483 -0.0105564 0.0333929 -0.136992 0.0361033
2.62162 0.0603281 0.017984 0.656949 0.322894 -0.0599191 0.106198 -0.0331569 -0.0444838 0.063004 -0.00387714 0.0901329 -0.15298 -0.00388211
2.80438 0.0552088 0.0243889 0.656111 0.298425 -0.0678297 0.128701 -0.0324708 -0.0280111 0.0350453 -0.00458664 -0.12662 0.710037 0.0381617
2.87174 0.0527477 0.0299706 0.655975 0.289882 -0.0671637 0.118806 -0.0332835 -0.0365396 0.08287 -0.00201626 0.0495226 -0.217477 -0.0155605
3.07169 0.0474214 0.0378457 0.65495 0.265936 -0.0713923 0.125909 -0.0339623 -0.0266372 0.0393842 -0.00512767 0.0427111 -0.0791197 -0.0179115
3.27154 0.0438038 0.0425566 0.65321 0.243979 -0.0745545 0.131058 -0.0348528 -0.0181015 0.0235723 -0.00870723 0.0129411 0.000690833 0.00787847
3.67149 0.0386342 0.0520949 0.650988 0.205331 -0.0804168 0.14303 -0.0357204 -0.0129257 0.0238486 -0.00555621 -0.068164 0.101262 0.00710323
3.83045 0.0348574 0.0584442 0.650284 0.191729 -0.0829785 0.148007 -0.036376 -0.0237605 0.0399443 -0.00442713 0.0245861 -0.0347015 -0.0133255
4.10398 0.0301976 0.0667739 0.648076 0.170398 -0.089205 0.155149 -0.0372623 -0.0170353 0.0304523 -0.00807212 -0.0918318 -0.0573115 0.0356672
4.24239 0.0260805 0.0698909 0.647642 0.160526 -0.0894596 0.156419 -0.0393224 -0.0297457 0.0225198 -0.00313543 0.135322 -0.113694 -0.0741608
4.40719 0.0248536 0.0705143 0.645111 0.149515 -0.0950186 0.161018 -0.0391378 -0.00744472 0.00378297 -0.0153571 -0.168572 0.147421 0.0896117
4.60379 0.0168744 0.0769562 0.645556 0.137362 -0.100532 0.165895 -0.03869 -0.0405862 0.0327661 0.00226063 0.077174 -0.0510546 -4.07174e-05
4.87821 0.0115484 0.0821031 0.646173 0.122033 -0.109645 0.165055 -0.0383542 -0.0194085 0.018756 0.00224945 -0.199538 -0.277489 -0.0334014
5.40954 -0.055097 0.013729 0.637938 0.0970459 -0.268764 -0.0166597 -0.00849039 -0.12543 -0.128684 -0.0154979 -4.10233 -4.97421 1.79157
5.44223 -0.0635793 0.00420897 0.639346 0.0956878 -0.171272 0.0970533 -0.0470467 -0.259515 -0.291266 0.0430598 1.41953 1.47549 -0.326386
5.57473 -0.0730435 -0.00847973 0.639321 0.0903741 -0.187327 0.0793363 -0.0438619 -0.0714278 -0.0957638 -0.000186348 0.319659 0.419761 -0.00204947
5.73958 -0.0761312 -0.0128589 0.639235 0.0841728 -0.218731 0.0240981 -0.0338718 -0.0187297 -0.0265632 -0.000524217 -1.23098 -2.25301 0.462928
5.84749 -0.0924846 -0.041957 0.644568 0.0803462 -0.209903 0.0388073 -0.0375336 -0.151556 -0.26967 0.049427 0.501423 0.814671 -0.172409
6.17621 -0.0881209 -0.0425706 0.642185 0.0697278 -0.203352 0.0447209 -0.0391881 0.0132745 -0.0018664 -0.00724832 -0.093791 -0.00450422 0.0849927
6.31415 -0.0880744 -0.0429137 0.642802 0.0657015 -0.202354 0.0417051 -0.0392143 0.000337386 -0.00248769 0.00447516 0.00210716 -0.128299 0.000462572
6.47693 -0.0879636 -0.0467184 0.643543 0.0612479 -0.203975 0.0395303 -0.0386996 0.000680398 -0.0233727 0.00455046 -0.083544 0.0340533 -0.0163113
6.63955 -0.0900622 -0.0496187 0.643852 0.0571004 -0.205768 0.0361571 -0.0380597 -0.0129053 -0.0178351 0.00189797 -0.0152366 -0.012587 0.00483312
7.11006 -0.0995073 -0.0607967 0.645815 0.0466153 -0.214577 0.026772 -0.0361449 -0.0200742 -0.0237574 0.00417199 0.0372212 0.0928405 -0.0207803
7.30782 -0.102022 -0.0618641 0.645827 0.042805 -0.215569 0.025909 -0.0356997 -0.0127132 -0.00539693 6.24221e-05 0.0750333 0.0243178 0.0116619
7.57543 -0.10005 -0.0615668 0.646679 0.03814 -0.209398 0.0248452 -0.0346415 0.00736622 0.00111068 0.00318323 0.184304 -0.0681245 0.00210052
7.8075 -0.0884149 -0.064978 0.647531 0.0345082 -0.131177 0.00745478 -0.0441515 0.0501375 -0.0146989 0.00367069 3.11995 -0.65753 -0.48984
7.87908 -0.0688413 -0.0693989 0.645284 0.0334594 -0.177907 0.0159383 -0.0326821 0.273458 -0.0617637 -0.0313911 -0.92 0.143356 0.297743
7.9796 -0.0506493 -0.0741589 0.645137 0.0320401 -0.150403 0.012875 -0.0210818 0.180979 -0.0473535 -0.00146206 -0.0977833 0.162 0.72051
8.07545 -0.0341996 -0.0772095 0.651617 0.0307428 -0.125003 0.0087141 -0.0272517 0.171606 -0.0318247 0.0676038 0.359567 0.0445859 -0.162645
8.37545 0.0496441 -0.0827442 0.65726 0.0270124 -0.0500916 0.00434646 -0.0214871 0.279477 -0.0184489 0.0188099 -0.51291 0.042035 0.0424461
8.67724 0.0872733 -0.0844835 0.666802 0.0237164 -0.0187811 0.00439471 -0.0148975 0.12469 -0.00576342 0.0316194 -0.162881 0.0715618 -0.153771
8.84319 0.10348 -0.0834691 0.667815 0.0220786 -0.00766122 0.00371732 -0.0127256 0.0976587 0.00611269 0.00610006 -0.288998 -0.0578909 0.00521308
9.11154 0.108876 -0.0859975 0.669827 0.0196661 -0.00507643 0.00179455 -0.011782 0.0201067 -0.00942221 0.00749898 -0.0975349 0.0347525 -0.0538633
9.21168 0.109911 -0.0865925 0.670038 0.0188351 -0.00299577 0.00134807 -0.0102866 0.01034 -0.00594223 0.00210533 -0.00828345 0.0268722 0.0277654
9.41891 0.111698 -0.0866699 0.671667 0.017225 -0.00142259 0.00146289 -0.00883067 0.00862335 -0.000373422 0.00785923 -0.0122326 0.0120434 -0.00654287
9.77559 0.113218 -0.085271 0.673638 0.0147695 3.12685e-05 0.00255277 -0.00710708 0.00426027 0.0039222 0.00552554 0.00124626 -0.0211899 -0.0115858
10.0151 0.11431 -0.0855471 0.674296 0.0133203 0.00403927 0.00576579 -0.00227121 0.00455875 -0.00115282 0.00275071 0.135509 0.162952 0.193676
10.0831 0.115247 -0.0848714 0.67538 0.0129353 0.00212349 0.00346437 -0.00506002 0.0137773 0.00993265 0.0159264 -0.0369316 -0.0229681 -0.0432891
10.2799 0.116528 -0.0838062 0.676838 0.0118831 0.00276599 0.00360901 -0.00337555 0.00651046 0.00541333 0.00740858 -0.0371315 -0.0474715 0.00160379
10.5433 0.115667 -0.0856734 0.6789 0.0106074 0.000921472 0.00186611 -0.00215193 -0.00326913 -0.00708956 0.00783098 -0.0431161 0.0103004 -0.0411217
10.6439 0.114901 -0.0862827 0.679272 0.0101568 -0.0198625 -0.0238803 0.0179451 -0.00760937 -0.00605268 0.00369151 -0.962428 -1.17101 0.899093
