t x y z s fx fy fz dx dy dz ddx ddy ddz
0 0.302814 -0.224953 1.02056 1 -0.00225006 0.000190043 -0.000477585 0 0 0 -0.0407676 0.00344328 -0.0086531
0.298945 0.29917 -0.224646 1.01979 0.951337 0.0180172 -0.00510167 -0.0681895 -0.0121873 0.00102935 -0.0025868 0.45641 -0.0910022 -1.20314
0.332005 0.299266 -0.224711 1.01839 0.946103 -0.00587393 -1.54772e-05 -0.00396374 0.00290159 -0.00197917 -0.0423623 0.0021035 0.00814598 0.0518892
1.10787 0.302784 -0.221343 1.01676 0.831205 -0.0116833 -0.00453868 0.00263103 0.00453363 0.00434104 -0.00210315 -0.0651596 -0.12459 0.169102
1.16839 0.302819 -0.221536 1.01725 0.822854 -0.00822796 0.00675762 -0.0200791 0.000590697 -0.00319815 0.00812956 0.0107742 0.0972948 -0.265439
1.236 0.302909 -0.221308 1.01659 0.813622 -0.00941372 0.00281647 -0.00790281 0.00131917 0.00338024 -0.00981754 -0.00512029 0.0127314 -0.00102731
2.43584 0.29712 -0.198924 1.00333 0.665987 -0.0257705 0.0252001 -0.0262144 -0.00482435 0.0186559 -0.0110501 -0.0525392 0.0142903 -0.0476646
2.71176 0.291789 -0.192688 0.99665 0.636016 -0.0260927 0.0211996 -0.0204212 -0.0193211 0.0225989 -0.0242019 0.088933 -0.172218 0.208318
2.83602 0.290761 -0.192539 0.996859 0.622963 -0.0323324 0.0316402 -0.0308282 -0.00826978 0.00119809 0.00168489 -0.0115534 0.0512607 -0.022192
3.59517 0.277825 -0.162088 0.985349 0.548838 -0.0497919 0.0626837 -0.0429537 -0.0170405 0.0401123 -0.015162 -0.0119631 0.0121482 0.0155108
4.07197 0.266981 -0.140201 0.981646 0.506861 -0.0597402 0.0961193 -0.0547176 -0.0227445 0.0459046 -0.00776645 0.0516518 0.21948 -0.130321
4.30541 0.264486 -0.117524 0.972731 0.487495 -0.0670394 0.0973423 -0.0593811 -0.0106868 0.0971403 -0.0381887 -0.0373464 -0.248804 0.00163777
4.55526 0.259485 -0.108785 0.963292 0.467588 -0.0696228 0.110741 -0.0613891 -0.0200177 0.0349777 -0.0377795 0.0396671 -0.060091 0.141401
4.67631 0.257643 -0.105432 0.960791 0.458237 -0.0743847 0.132631 -0.0718506 -0.0152159 0.0277036 -0.0206626 -0.0125249 0.289212 -0.0278462
4.90911 0.253422 -0.0833074 0.954471 0.440775 -0.117813 0.330136 -0.120793 -0.0181317 0.0950337 -0.0271454 -0.70231 3.36084 -0.784527
4.9398 0.252204 -0.0772277 0.9529 0.438524 -0.0825619 0.142487 -0.078708 -0.0396801 0.198151 -0.0512163 -0.00459234 -0.315924 0.0461269
5.40392 0.232799 -0.0533138 0.939066 0.405842 -0.104721 0.173244 -0.095296 -0.0418115 0.0515255 -0.029808 -0.0213377 0.051505 -0.0289561
5.8049 0.212602 -0.0243714 0.922457 0.379574 -0.122361 0.209355 -0.111333 -0.0503676 0.0721783 -0.041419 0.0627128 0.1526 0.00784897
5.94807 0.206676 -0.0109103 0.916688 0.370613 -0.141548 0.235086 -0.12038 -0.0413894 0.0940252 -0.0402953 -0.183987 0.341104 -0.0507609
6.14016 0.191936 0.0197386 0.907075 0.358921 -0.144807 0.231769 -0.124221 -0.0767326 0.15955 -0.0500463 0.091942 -0.378412 0.0730285
6.38714 0.178593 0.0360613 0.899169 0.344428 -0.158174 0.261481 -0.128889 -0.0540245 0.0660886 -0.0320095 0.0678691 0.0182245 0.106678
6.57169 0.170935 0.0488782 0.896895 0.333983 -0.173311 0.27675 -0.138879 -0.0414997 0.0694518 -0.0123228 -0.0784424 0.0590707 -0.0619838
7.07189 0.13055 0.098398 0.875222 0.307236 -0.236278 0.357835 -0.165331 -0.0807369 0.0989992 -0.0433274 -0.399711 0.587867 -0.0905648
7.2084 0.112079 0.122868 0.86762 0.300316 -0.228024 0.339026 -0.163406 -0.135303 0.179251 -0.0556906 0.179216 -0.325101 0.104116
7.63985 0.0870638 0.139689 0.862973 0.279454 -0.255096 0.359143 -0.168232 -0.0579803 0.0389866 -0.0107701 0.0356027 -0.0343441 0.0341261
8.33998 0.0639219 0.15015 0.872161 0.248639 -0.271306 0.361487 -0.161547 -0.0330538 0.0149412 0.0131226 0.148784 -0.136953 -0.0409728
8.37602 0.0629238 0.15051 0.87258 0.247148 -0.271233 0.377412 -0.157218 -0.0276911 0.010005 0.0116458 0.160862 0.153319 0.0326733
8.47616 0.0617639 0.153049 0.874074 0.243052 -0.27576 0.382866 -0.16672 -0.0115827 0.0253581 0.0149177 0.0774646 0.181962 -0.17065
8.57591 0.0613793 0.157389 0.873864 0.23904 -0.280379 0.37347 -0.159549 -0.00385585 0.0435083 -0.00210415 -0.00812234 -0.0956028 -0.00817424
8.8773 0.0594794 0.161818 0.872488 0.227315 -0.284801 0.374219 -0.161712 -0.00630385 0.0146944 -0.0045678 -0.0392014 -0.11348 -0.0150216
9.044 0.0573392 0.161114 0.871309 0.221078 -0.288135 0.374105 -0.162439 -0.0128386 -0.00422229 -0.00707185 -0.0445812 -0.0710359 -0.000970549
9.50844 0.0417599 0.14383 0.867815 0.204591 -0.305892 0.358661 -0.169926 -0.0335441 -0.0372144 -0.00752261 -0.0355031 0.0187169 -0.0677928
9.55565 0.0400974 0.142115 0.867309 0.202986 -0.297024 0.359768 -0.161618 -0.03522 -0.0363309 -0.0107228 0.159458 0.0687035 0.0975561
9.70794 0.0384319 0.138176 0.867938 0.197892 -0.313817 0.339125 -0.167812 -0.0109357 -0.0258678 0.00413432 -0.149358 -0.24999 -0.0486656
9.97797 0.0245884 0.112963 0.865506 0.189173 -0.331219 0.318938 -0.169636 -0.0512668 -0.0933723 -0.00900681 -0.140542 -0.0479684 -0.0138219
10.1816 0.00831975 0.0919584 0.863099 0.182852 -0.344604 0.299356 -0.171471 -0.0798874 -0.103141 -0.0118216 -0.0361746 -0.00525281 0.00294969
10.4773 -0.0184689 0.0609973 0.859861 0.174047 -0.366 0.272359 -0.169779 -0.0905852 -0.104694 -0.0109493 0.0868701 0.0706499 0.0934305
10.7439 -0.0364423 0.0381109 0.86358 0.166475 -0.367257 0.270869 -0.173178 -0.0674303 -0.0858627 0.0139543 0.359088 0.42917 -0.0737079
10.8763 -0.0390757 0.0342655 0.864136 0.162837 -0.419723 0.197261 -0.158804 -0.0198924 -0.0290471 0.00419652 -0.617527 -0.926253 0.193526
10.9442 -0.0432718 0.0280252 0.865313 0.161003 -0.393169 0.246668 -0.170767 -0.0618126 -0.0919249 0.0173339 0.00921748 0.184218 -0.0652889
11.0797 -0.0514808 0.0189498 0.866463 0.157402 -0.392798 0.23904 -0.17926 -0.0605632 -0.0669551 0.00848428 0.165911 0.170622 -0.224631
11.2442 -0.0569541 0.0125525 0.861778 0.153139 -0.407973 0.2198 -0.169808 -0.0332663 -0.0388829 -0.0284737 -0.0502356 -0.106806 0.0926403
11.7145 -0.0837099 -0.0293568 0.868877 0.14158 -0.435423 0.180867 -0.166168 -0.0568917 -0.0891132 0.0150943 -0.0140159 0.0305779 -0.0372761
12.0243 -0.102681 -0.0540308 0.869975 0.134446 -0.440048 0.16591 -0.158598 -0.0612342 -0.0796395 0.00354544 0.259442 0.192564 0.100767
12.1798 -0.10593 -0.0617585 0.872963 0.131002 -0.462761 0.142573 -0.160529 -0.0208904 -0.0496954 0.019215 -0.155487 -0.138176 -0.0127336
12.448 -0.122713 -0.0850211 0.8772 0.125269 -0.470444 0.129923 -0.156583 -0.062586 -0.0867487 0.0158003 0.082173 0.115186 -0.0108176
12.8121 -0.134607 -0.101336 0.881519 0.117885 -0.56458 0.00746533 -0.108054 -0.03267 -0.0448139 0.0118621 -1.4497 -1.8746 0.798732
12.848 -0.137651 -0.105365 0.882975 0.117181 -0.446887 0.138792 -0.168424 -0.0847465 -0.112154 0.0405543 0.822918 0.687078 -0.367751
12.922 -0.139415 -0.109902 0.883962 0.115742 -0.490705 0.103066 -0.148877 -0.023821 -0.0612853 0.0133275 -0.0364703 0.0398215 0.0130616
13.182 -0.148071 -0.123142 0.888309 0.110829 -0.51008 0.086017 -0.144573 -0.0333006 -0.0509346 0.0167225 -0.210862 -0.0451106 0.00822723
13.348 -0.159415 -0.132844 0.891313 0.1078 -0.501339 0.0886819 -0.147352 -0.0683167 -0.0584258 0.0180888 0.212559 0.191645 -0.0978885
13.5802 -0.163818 -0.136077 0.890235 0.103702 -0.521416 0.0684544 -0.143111 -0.018958 -0.0139238 -0.00464204 -0.147723 -0.187654 0.0365128
13.88 -0.182771 -0.157109 0.892123 0.0986429 -0.533356 0.0543623 -0.139333 -0.0632351 -0.0701694 0.00630196 0.0557101 0.0301382 0.0544759
14.2478 -0.198495 -0.178845 0.901815 0.0927691 -0.535344 0.0442844 -0.136181 -0.0427399 -0.0590819 0.0263431 0.2767 0.224437 -0.0947725
14.3485 -0.199993 -0.182518 0.903506 0.0912239 -0.554101 0.0287403 -0.131253 -0.0148895 -0.0364919 0.016804 -0.0797339 -0.026983 -0.0202268
14.516 -0.204723 -0.189386 0.905753 0.0887097 -0.554762 0.025306 -0.130469 -0.0282428 -0.0410108 0.0134166 0.0179221 0.0430052 -0.040523
14.7817 -0.210963 -0.197247 0.906457 0.0848618 -0.56313 0.00636264 -0.127155 -0.0234802 -0.0295827 0.00264812 -0.0248717 -0.17562 0.0253546
14.9162 -0.214571 -0.204403 0.907272 0.0829784 -0.562578 0.00744711 -0.123706 -0.0268254 -0.053203 0.00605823 0.0576413 0.0122924 0.068098
15.216 -0.217432 -0.219249 0.91521 0.0789287 -0.567868 -0.00480873 -0.117482 -0.00954285 -0.0495173 0.026476 -0.0106998 0.0539847 0.00512936
15.6159 -0.222959 -0.230418 0.926617 0.0738336 -0.576447 -0.0151104 -0.164211 -0.0138215 -0.0279299 0.0285271 -0.0544351 0.0356169 -1.05006
15.6479 -0.223456 -0.231274 0.926457 0.073441 -0.575469 0.0159857 -0.110095 -0.0155607 -0.026792 -0.0050232 -0.0245311 0.612767 -0.0121723
15.684 -0.224051 -0.231442 0.926259 0.0729992 -0.574633 -0.0163129 -0.109354 -0.0164477 -0.00463664 -0.0054633 0.00322512 -0.00522262 0.00567631
17.352 -0.242512 -0.253705 0.932938 0.0552633 -0.588606 -0.0328927 -0.104481 -0.0110684 -0.0133476 0.00400437 0.0919455 0.115025 -0.0372355
17.4529 -0.242692 -0.25388 0.932963 0.0543399 -0.595762 -0.0388847 -0.102056 -0.0017844 -0.00173316 0.000244589 -0.0486485 -0.00902819 0.0126193
17.6533 -0.245003 -0.254589 0.933519 0.0525531 -0.595246 -0.0392627 -0.102499 -0.0115312 -0.00354197 0.00277289 0.0199626 0.000231275 -0.00905237
18.253 -0.244739 -0.25663 0.931926 0.0475485 -0.594936 -0.0412018 -0.104076 0.000440148 -0.00340328 -0.0026557 0.00595032 0.00274295 0.00148681
19.0524 -0.240584 -0.257598 0.930753 0.0416103 -0.580485 -0.0414108 -0.107378 0.00519686 -0.00121056 -0.00146714 0.190192 0.0139946 -0.037284
19.3532 -0.221812 -0.256696 0.926938 0.0395732 -0.577555 -0.0439031 -0.106374 0.0624068 0.00299905 -0.0126822 -0.187699 -0.0539656 0.0687932
19.5203 -0.216625 -0.257703 0.926741 0.0384844 -0.557779 -0.0434692 -0.108401 0.0310278 -0.00602275 -0.00118155 0.128471 -0.0130467 0.0173146
19.7882 -0.199095 -0.260252 0.927667 0.036802 -0.551335 -0.0447903 -0.103879 0.0654418 -0.00951762 0.00345658 -0.126646 0.0151735 0.0754487
20.0196 -0.190733 -0.261642 0.932507 0.0354079 -0.513073 -0.0432826 -0.108478 0.0361348 -0.00600633 0.0209161 0.46387 0.0622322 -0.123462
20.22 -0.164867 -0.260347 0.931741 0.0342435 -0.521844 -0.045857 -0.108611 0.129086 0.00646381 -0.00382326 -0.313282 -0.0278792 -0.0715656
20.456 -0.151851 -0.260374 0.926852 0.032921 -0.49203 -0.0491854 -0.10658 0.0551454 -0.000116187 -0.020714 0.11211 -0.0767898 0.0815729
20.5635 -0.144631 -0.261273 0.925568 0.0323359 -0.485289 -0.0457923 -0.109772 0.0671927 -0.00836794 -0.0119483 0.0844373 0.014458 0.0329673
20.7984 -0.124191 -0.262441 0.92458 0.031093 -0.481223 -0.0440098 -0.112423 0.0870251 -0.00497207 -0.00420499 -0.243254 0.0626321 -0.00936683
20.9562 -0.116515 -0.261666 0.923684 0.0302849 -0.248356 -0.0158875 -0.150076 0.0486427 0.00491051 -0.00568296 3.89981 0.542255 -0.672698
20.9903 -0.110299 -0.260865 0.922704 0.0301127 -0.467787 -0.048789 -0.108762 0.181916 0.0234417 -0.0286719 -0.404405 -0.0983857 0.130902
21.1622 -0.0909803 -0.259742 0.921642 0.0292615 -0.441239 -0.0444148 -0.109424 0.112426 0.00653597 -0.00617892 -0.160022 -0.0119321 0.101951
21.3879 -0.0737537 -0.258875 0.925445 0.0281794 -0.419196 -0.0449367 -0.10109 0.0762946 0.0038418 0.0168407 -0.0132285 -0.0325447 0.147059
21.8557 -0.0409636 -0.264197 0.965491 0.0260637 0.595219 0.667661 -2.49302 0.0701074 -0.0113797 0.085622 17.7843 13.0001 -44.0275
21.8881 -0.0199802 -0.25089 0.92195 0.025923 -0.489273 -0.129865 0.207474 0.646939 0.410278 -1.34241 -3.17993 -2.37425 8.00449
22.056 -0.000988999 -0.248923 0.922167 0.0252069 -0.348409 -0.0362819 -0.112632 0.113132 0.0117182 0.00129069 -0.106052 -0.0682825 0.0233795
22.2561 0.0174027 -0.249312 0.923361 0.024379 -0.323875 -0.0332364 -0.110758 0.0919099 -0.00194555 0.00596907 0.0403819 0.0162412 0.0283514
22.7933 0.0784323 -0.24567 0.93475 0.0222886 -0.245756 -0.0253754 -0.103173 0.113604 0.00677949 0.0211999 0.31676 0.0789147 -0.0646315
22.9677 0.107876 -0.242088 0.936482 0.0216493 -0.252498 -0.0286203 -0.0948935 0.168842 0.0205411 0.00992903 -0.427817 -0.0669677 0.0724543
23.2247 0.12301 -0.241233 0.943821 0.0207403 -0.212166 -0.0264893 -0.0895719 0.0588775 0.00332796 0.0285524 0.207768 -0.015798 0.00598459
23.3577 0.13451 -0.241069 0.947722 0.0202853 -0.204326 -0.0134737 -0.0913521 0.0864995 0.00122768 0.0293481 0.0971072 0.220553 -0.0981197
23.4559 0.143943 -0.238821 0.949658 0.0199555 -0.200042 -0.0232341 -0.0838289 0.0960376 0.0228908 0.0197106 -0.0113312 -0.0320761 0.0188267
23.9919 0.192165 -0.235767 0.965633 0.018248 -0.15134 -0.0198105 -0.0698947 0.0899638 0.00569717 0.0298021 0.00873146 0.0027914 -0.0340015
24.1966 0.210947 -0.234484 0.970309 0.0176351 -0.135128 -0.0194502 -0.0652266 0.0917511 0.00626856 0.0228421 -0.0401523 -0.0147454 -0.0226827
24.6242 0.242838 -0.2345 0.975929 0.0164206 -0.106869 -0.0223845 -0.0562538 0.0745819 -3.65953e-05 0.0131429 -0.0770412 -0.0571921 0.0541364
24.8692 0.256485 -0.237941 0.982397 0.0157628 -0.09463 -0.0224061 -0.0505377 0.0557088 -0.0140471 0.0264049 -0.0713687 0.0275863 0.0192046
25.0242 0.263406 -0.239455 0.986952 0.0153603 -0.0818515 -0.0232049 -0.0458661 0.0446458 -0.00977088 0.0293818 0.0530586 0.0336988 0.0166183
25.8282 0.333602 -0.225527 1.02132 0.0134317 -0.0270252 -0.0118463 -0.0181025 0.0873061 0.0173237 0.0427433 -0.292798 -0.0564322 -0.124111
26.0598 0.338117 -0.224541 1.02456 0.0129225 -0.0116831 -0.0078845 -0.00939804 0.0194978 0.00425471 0.0140008 0.0137142 0.0187674 0.0215808
26.6278 0.353617 -0.21607 1.03948 0.0117538 0.000831532 -0.00106971 0.00242156 0.0272877 0.0149149 0.0262591 -0.0519355 -0.0283249 -0.0540393
27.1959 0.352357 -0.216738 1.03695 0.0106907 -0.00145444 0.00238075 0.00118427 -0.00221849 -0.0011773 -0.00444233 -0.021735 0.072579 0.0193333
27.3283 0.351682 -0.215622 1.0367 0.0104571 0.000826581 -0.000997805 0.000409005 -0.00509601 0.0084315 -0.00188277 0.0366929 -0.0243901 0.00572297
