t x y z s fx fy fz dx dy dz ddx ddy ddz
0 0.258405 -0.195754 1.01506 1 0.00569154 -0.00187684 -0.0107891 0 0 0 0.0738376 -0.0243487 -0.139969
0.165552 0.260429 -0.196421 1.01123 0.980413 0.00147495 0.00238218 0.0119396 0.012224 -0.00403097 -0.0231722 -0.00670417 0.035589 0.24291
0.336884 0.262327 -0.196067 1.01439 0.960546 -0.00158796 0.00128299 -0.00850226 0.0110753 0.00206655 0.018446 -0.0549169 0.000886307 -0.100059
0.542054 0.262287 -0.195606 1.01396 0.937284 0.00112099 0.00146955 -0.00247613 -0.000191975 0.00224839 -0.00208307 0.01115 -0.0131623 0.0209747
0.799737 0.262978 -0.1959 1.01481 0.908865 -0.000765713 0.00313035 -0.00418678 0.00268119 -0.0011433 0.00332174 -0.00444167 0.00359016 -0.00211375
2.56574 0.253861 -0.186722 1.01409 0.735964 -0.0156589 0.0204629 -0.0235629 -0.0051628 0.00519693 -0.000411132 0.0586015 0.0256677 -0.139469
2.66969 0.253957 -0.185905 1.01254 0.72688 -0.0323056 0.0287281 -0.010582 0.00092882 0.00786508 -0.0149089 -0.158909 0.115178 0.0711317
2.88162 0.247016 -0.179064 1.01257 0.708703 -0.0281078 0.0292394 -0.0188145 -0.0327501 0.0322758 0.000166599 0.0382238 -0.00328382 -0.0430804
3.27378 0.240051 -0.166912 1.00601 0.676261 -0.0326589 0.0342698 -0.0257545 -0.0177606 0.030988 -0.0167275 0.0763241 -0.108507 -0.00959791
3.35769 0.239098 -0.165076 1.00454 0.669515 -0.0394817 0.0471818 -0.027191 -0.011356 0.0218829 -0.0175329 -0.00222989 0.0427667 -0.0043004
3.83394 0.233184 -0.144954 0.995217 0.632479 -0.0471747 0.0676239 -0.0393461 -0.012418 0.0422506 -0.0195809 0.00352834 0.00692996 -0.0171572
4.27023 0.228438 -0.125201 0.983408 0.600351 -0.0541352 0.0825739 -0.0495047 -0.0108786 0.0452741 -0.0270665 -0.0030384 -0.0730748 0.0315703
4.50183 0.225756 -0.118636 0.978833 0.583966 -0.0582102 0.0988008 -0.0572396 -0.0115822 0.0283506 -0.0197551 -0.00807618 0.0646625 -0.00840498
4.9454 0.219029 -0.093337 0.968417 0.553821 -0.0770415 0.101971 -0.0876047 -0.0151647 0.0570334 -0.0234833 -0.138486 -0.269016 -0.245392
5.00165 0.217738 -0.0909801 0.966319 0.550111 -0.0678783 0.130068 -0.0698318 -0.0229541 0.041902 -0.0372859 0.00894314 0.0808421 0.0305541
5.3551 0.210742 -0.0660705 0.956958 0.527362 -0.07733 0.134935 -0.0798991 -0.0197931 0.0704757 -0.0264866 -0.00962885 -0.222374 0.0220614
5.54746 0.206578 -0.0607422 0.952679 0.515379 -0.213952 0.548481 -0.128257 -0.0216454 0.0276988 -0.0222428 -1.71696 5.11786 -0.547759
5.60624 0.199375 -0.0414345 0.94948 0.511772 -0.0831782 0.127056 -0.0841253 -0.12256 0.328501 -0.0544374 0.192837 -0.950487 0.105724
5.90842 0.179948 -0.0289602 0.942684 0.493623 -0.107231 0.188066 -0.0970048 -0.0642878 0.0412808 -0.0224895 0.0787258 0.00443987 0.000254034
6.33862 0.166861 -0.0103795 0.933056 0.46889 -0.125739 0.217357 -0.0921767 -0.0304199 0.0431909 -0.0223802 -0.0124638 0.130243 0.202012
6.43898 0.163683 -0.00473307 0.932844 0.463301 -0.125331 0.209413 -0.108509 -0.0316707 0.0562619 -0.00210643 0.0396841 -0.063698 -0.0274169
6.77424 0.157526 0.00696967 0.929056 0.445108 -0.136784 0.22818 -0.112128 -0.0183663 0.0349066 -0.0112982 -0.030894 0.0446882 -0.00400148
7.2734 0.14066 0.0355281 0.92242 0.419337 -0.14693 0.24701 -0.111279 -0.0337873 0.0572131 -0.0132955 0.0933717 -0.118783 0.110372
7.4079 0.137805 0.0410745 0.922628 0.412651 -0.179335 0.275657 -0.123137 -0.0212285 0.0412365 0.00154977 -0.299574 0.196487 -0.0595174
7.57365 0.126056 0.0533074 0.92125 0.404559 -0.168824 0.273734 -0.123293 -0.0708823 0.0738039 -0.00831511 0.0528523 -0.0285158 -0.0275279
7.9125 0.108106 0.0750418 0.915272 0.388506 -0.19022 0.305989 -0.121774 -0.0529731 0.0641412 -0.017643 -0.000662595 0.112086 0.0898787
8.0058 0.103158 0.0820017 0.914408 0.384199 -0.212633 0.304331 -0.132439 -0.0530349 0.0745986 -0.00925752 -0.223952 -0.0137528 -0.0445081
8.14474 0.0914665 0.0921008 0.912263 0.377874 -0.20435 0.313217 -0.130458 -0.0841504 0.0726878 -0.0154414 0.0759947 -0.0300658 0.0198619
8.40922 0.0745263 0.109222 0.909568 0.366119 -0.222466 0.327657 -0.133135 -0.0640514 0.064736 -0.0101883 0.0461776 -0.0608138 0.0208082
8.90601 0.0541027 0.126374 0.909642 0.345018 -0.232167 0.341168 -0.130173 -0.0411106 0.034524 0.000149102 0.174395 -0.082303 0.0585142
9.10965 0.0529629 0.129991 0.912099 0.336724 -0.244368 0.345034 -0.135937 -0.00559755 0.0177642 0.0120647 -0.00412417 -0.0632903 -0.0571498
9.37389 0.0511958 0.130266 0.911296 0.326259 -0.239183 0.34346 -0.138378 -0.00668734 0.00104009 -0.00303684 0.0951314 -0.0724901 -0.0548128
9.44159 0.0511791 0.130004 0.91084 0.32363 -0.248099 0.351871 -0.131364 -0.000247146 -0.00386734 -0.00674755 -0.0258417 0.0445555 0.04794
9.67343 0.0497328 0.131502 0.911852 0.314788 -0.245892 0.350254 -0.134987 -0.00623817 0.00646223 0.00436665 0.0350966 -0.011749 -0.0199731
9.87352 0.0498898 0.132325 0.911926 0.307351 -0.249086 0.351513 -0.134055 0.000784356 0.00411136 0.000370212 -0.0109858 -0.00665519 0.000110732
10.4434 0.0467695 0.132507 0.912173 0.287121 -0.254274 0.349872 -0.133801 -0.00547572 0.000318997 0.000433311 -0.0154583 -0.0348359 0.0118609
10.6817 0.0445861 0.130603 0.91295 0.279059 -0.262253 0.340849 -0.136441 -0.00916036 -0.00798446 0.00326046 -0.0803609 -0.121117 -0.0310691
10.9415 0.0367821 0.120354 0.9117 0.270529 -0.317097 0.311106 -0.176605 -0.0300383 -0.0394509 -0.00481135 -0.660042 -0.341276 -0.521596
11.0147 0.0310506 0.11564 0.908556 0.268174 -0.283483 0.317124 -0.134971 -0.0783323 -0.0644214 -0.0429756 -0.0918101 -0.174119 0.104973
11.2464 0.00796809 0.0913615 0.904234 0.260851 -0.285084 0.321926 -0.143945 -0.0996079 -0.104771 -0.0186498 0.217013 0.246744 0.0206349
11.5775 -0.00122166 0.0837216 0.900321 0.250732 -0.303947 0.285171 -0.144084 -0.0277554 -0.0230743 -0.0118176 0.0156946 -0.230234 0.0675339
11.6777 -0.00384389 0.0791016 0.899815 0.24775 -0.324233 0.28669 -0.148685 -0.0261836 -0.0461317 -0.00505421 -0.213057 -0.125157 0.00829219
11.8776 -0.0175937 0.064877 0.899136 0.241902 -0.314733 0.291148 -0.151569 -0.0687773 -0.0711528 -0.00339646 0.142343 0.143666 -0.018844
12.1543 -0.025726 0.0561885 0.896753 0.234034 -0.319961 0.273345 -0.14989 -0.0293893 -0.0313988 -0.00861081 0.140177 -0.0241842 0.0444604
12.2456 -0.027241 0.0531184 0.896338 0.231494 -0.331998 0.295408 -0.149276 -0.0165841 -0.0336081 -0.00454936 -0.0092839 0.303314 0.0545745
12.3468 -0.029014 0.0528231 0.896436 0.228712 -0.33222 0.267358 -0.151995 -0.0175234 -0.00291898 0.000972448 0.0139923 -0.0935847 0.013227
12.5243 -0.031683 0.049358 0.897025 0.223913 -0.342477 0.266845 -0.153867 -0.0150404 -0.0195263 0.00331968 -0.0837415 -0.0381419 -0.0186329
12.7816 -0.0410971 0.0418086 0.896646 0.217134 -0.343185 0.264481 -0.157762 -0.0365874 -0.0293404 -0.00147465 0.0592531 0.0375291 -0.0547527
12.9863 -0.0461037 0.0373751 0.894049 0.211887 -0.355562 0.25329 -0.151076 -0.0244581 -0.0216581 -0.0126827 -0.0465231 -0.0613683 0.08172
13.2178 -0.0542608 0.0290706 0.895494 0.206106 -0.357315 0.252022 -0.156275 -0.0352299 -0.0358671 0.0062385 0.0533606 0.043842 -0.023069
13.5136 -0.0600127 0.0222975 0.895321 0.198949 -0.36655 0.239845 -0.155686 -0.019448 -0.0229004 -0.000584391 -0.0048049 -0.0444684 -0.00112156
13.6479 -0.0627124 0.0184179 0.895222 0.195781 -0.391061 0.217951 -0.15127 -0.0200935 -0.0288751 -0.000735082 -0.284652 -0.272637 0.059467
13.794 -0.0717151 0.00838924 0.896383 0.192395 -0.371199 0.236273 -0.154331 -0.0616564 -0.0686836 0.00794786 0.140557 0.139856 -0.00341979
13.9834 -0.0783508 0.000397378 0.897765 0.188089 -0.379284 0.228005 -0.157966 -0.0350335 -0.0421935 0.00730012 0.0940754 0.103631 -0.065268
14.1153 -0.0813352 -0.00336533 0.897593 0.185148 -0.396914 0.202291 -0.15051 -0.0226229 -0.0285222 -0.00131016 -0.108134 -0.198302 0.045404
14.4476 -0.100795 -0.0347435 0.902171 0.17794 -0.408796 0.185767 -0.149137 -0.0585579 -0.0944217 0.0137784 0.0372441 0.0676816 -0.00951631
15.0151 -0.122032 -0.0665306 0.906926 0.166274 -0.435337 0.14761 -0.140989 -0.0374217 -0.0560121 0.0083779 -0.0473928 -0.0646712 0.0475416
15.2818 -0.135386 -0.0860725 0.912543 0.161058 -0.436155 0.147922 -0.135426 -0.0500632 -0.0732625 0.0210591 0.1338 0.210614 0.0351532
15.3818 -0.139054 -0.0912919 0.915 0.159145 -0.44532 0.132491 -0.133145 -0.0366863 -0.0522059 0.0245736 0.0483766 0.0528499 0.0298964
15.4817 -0.142236 -0.0959796 0.917753 0.157257 -0.461014 0.106516 -0.129896 -0.0318538 -0.0469265 0.0275601 -0.118135 -0.230276 0.0339614
15.653 -0.151156 -0.11077 0.923469 0.154072 -0.419464 0.162943 -0.161491 -0.0520857 -0.0863638 0.0333763 0.562466 0.738003 -0.454984
15.7499 -0.150923 -0.11221 0.922432 0.152298 -0.459815 0.111214 -0.127731 0.00240779 -0.0148637 -0.010704 -0.0259421 0.00184517 0.0486197
16.0175 -0.152136 -0.116056 0.923049 0.147506 -0.465386 0.0980829 -0.126202 -0.00453436 -0.01437 0.00230671 -0.0708495 -0.121307 0.0481371
16.4654 -0.168382 -0.146831 0.933741 0.139818 -0.476625 0.0776083 -0.119556 -0.0362697 -0.0687064 0.0238686 0.0366556 0.0719825 -0.0249122
16.8498 -0.176908 -0.162605 0.939235 0.133542 -0.485524 0.0593409 -0.112219 -0.0221805 -0.0410387 0.0142932 0.0201484 0.00475856 0.0137484
17.2496 -0.182555 -0.178254 0.947148 0.127312 -0.490826 0.0467155 -0.107178 -0.0141239 -0.039136 0.0197907 0.0199226 0.0390251 -0.0262816
17.9861 -0.182152 -0.185911 0.947469 0.116588 -0.492488 0.0371964 -0.105774 0.000547912 -0.0103964 0.000435864 -0.0158987 -0.0232252 0.0164458
18.3858 -0.184473 -0.193778 0.950272 0.11115 -0.491421 0.037989 -0.103694 -0.00580781 -0.019681 0.00701031 0.0394848 0.0974981 0.00259852
18.486 -0.184659 -0.194771 0.951 0.109827 -0.502869 0.0184878 -0.0984438 -0.0018521 -0.0099133 0.00727064 -0.110227 -0.154528 0.0617251
18.65 -0.187927 -0.200552 0.953852 0.107696 -0.498913 0.0234165 -0.100046 -0.0199266 -0.035252 0.017392 0.00604809 0.012865 -0.00656516
20.4574 -0.204184 -0.22224 0.96384 0.0867773 -0.516111 0.00350873 -0.0915239 -0.00899494 -0.0119991 0.00552583 -0.00324533 -0.000262445 0.000320023
21.1863 -0.212464 -0.231125 0.968037 0.0795397 -0.524326 -0.00339853 -0.0883933 -0.0113603 -0.0121904 0.00575908 0.00573516 0.0224213 -0.00959471
21.4856 -0.215351 -0.232765 0.968901 0.0767452 -0.526309 -0.00409723 -0.0870554 -0.00964362 -0.0054791 0.00288711 0.017547 0.0256119 0.00150337
21.8612 -0.216498 -0.23121 0.970198 0.0733774 -0.515275 0.00227996 -0.0815967 -0.00305382 0.00413952 0.00345171 0.170439 0.0755281 0.0568001
21.9595 -0.21515 -0.230072 0.971086 0.0725202 -0.529025 -0.00497068 -0.0833186 0.0137089 0.0115677 0.009038 -0.044242 -0.0422934 0.0169455
22.2925 -0.215491 -0.23091 0.975975 0.0696912 -0.524822 -0.00301509 -0.0808206 -0.00102407 -0.00251632 0.014681 0.0339117 0.00904101 -0.01898
22.7231 -0.209645 -0.230318 0.978778 0.0661964 -0.524489 -0.00512516 -0.0748461 0.0135774 0.00137648 0.00650873 -0.0519524 -0.0320827 0.0336819
22.8982 -0.20886 -0.23106 0.98095 0.0648259 -0.521746 -0.0045665 -0.0748052 0.00448092 -0.00424095 0.0124062 -0.014959 -0.00928892 -1.67791e-05
23.4978 -0.211551 -0.236943 0.988383 0.0603439 -0.523247 -0.00744302 -0.0728233 -0.0044885 -0.0098106 0.0123961 0.0142299 0.0341909 -0.0681213
23.6936 -0.211885 -0.237553 0.988198 0.0589482 -0.526266 -0.0105058 -0.0688218 -0.00170156 -0.00311427 -0.000945529 -0.0228128 -0.00601744 0.00248382
23.9219 -0.213461 -0.238577 0.988111 0.0573624 -0.508094 -0.0176679 -0.0547236 -0.00690794 -0.00448758 -0.000378667 0.240609 -0.0847522 0.186766
23.9894 -0.212829 -0.239267 0.988938 0.0569011 -0.531012 -0.00708346 -0.0774956 0.00935024 -0.0102144 0.0122413 -0.0834251 0.0679571 -0.133767
24.0901 -0.212734 -0.239607 0.988815 0.0562207 -0.530115 -0.0139593 -0.0662659 0.000951093 -0.00337252 -0.00122619 -0.0627729 -0.0250786 0.0295413
24.2597 -0.214378 -0.2409 0.989457 0.0550927 -0.516521 -0.0074712 -0.0736896 -0.00969664 -0.00762642 0.00378469 0.14811 0.0803126 -0.0802564
24.3584 -0.213894 -0.240871 0.989049 0.0544473 -0.527571 -0.0131429 -0.0669803 0.00491106 0.000294576 -0.00413076 -0.0179925 -0.00312078 0.0216286
24.6915 -0.214255 -0.241119 0.990074 0.0523222 -0.52509 -0.013183 -0.0672381 -0.00108371 -0.000745207 0.00307548 0.0274217 -0.000151568 -0.00213856
25.5898 -0.193102 -0.241911 0.991111 0.0469973 -0.494939 -0.0131578 -0.0653588 0.0235484 -0.000881356 0.00115447 0.119537 0.00825257 0.0141054
25.6936 -0.189372 -0.241914 0.991383 0.0464182 -0.514261 -0.0179697 -0.0629599 0.0359503 -2.51595e-05 0.0026179 -0.193473 -0.0553891 0.0403412
25.7937 -0.187712 -0.242472 0.992049 0.0458661 -0.490555 -0.0168025 -0.0873973 0.0165765 -0.00557166 0.00665754 0.115429 -0.0268161 -0.289706
25.8575 -0.186186 -0.242936 0.991296 0.0455181 -0.499763 -0.0133994 -0.065389 0.0239355 -0.00728129 -0.0118124 -0.0321121 0.0251846 0.0272155
26.0938 -0.182323 -0.24325 0.990025 0.0442508 -0.493816 -0.0153169 -0.0656038 0.0163471 -0.00132992 -0.00538107 0.00468334 -0.00307909 0.0341984
26.4563 -0.175782 -0.244137 0.992568 0.042375 -0.487662 -0.0166027 -0.0653468 0.0180448 -0.00244609 0.00701576 -0.00091997 -0.00779016 -0.00875923
26.7589 -0.170405 -0.245591 0.993889 0.04087 -0.478843 -0.0152975 -0.0644132 0.0177664 -0.00480372 0.00436485 0.0451868 0.0300741 -0.00983582
26.9976 -0.163591 -0.245024 0.99437 0.039721 -0.492958 -0.0243856 -0.0568353 0.0285509 0.00237392 0.00201738 -0.237985 -0.104014 0.0856176
27.0938 -0.163048 -0.24576 0.995358 0.0392667 -0.460399 -0.00837679 -0.0618482 0.0056408 -0.0076392 0.0102595 0.204276 0.12463 -0.0015287
27.1619 -0.161718 -0.245702 0.996049 0.0389486 -0.457969 -0.025044 -0.0669774 0.0195473 0.00084527 0.0101555 0.202637 -0.102328 -0.0767349
27.2622 -0.157722 -0.246646 0.996296 0.0384848 -0.470616 -0.0166686 -0.0622521 0.0398611 -0.00941284 0.00246302 -0.0364923 0.0302673 -0.00944093
27.6379 -0.147896 -0.245909 0.995889 0.0367952 -0.444814 -0.0189801 -0.0663745 0.0261496 0.0019597 -0.00108429 0.187947 -0.0232155 -0.0525402
27.7979 -0.138901 -0.24619 0.99437 0.0360985 -0.452712 -0.0181751 -0.0635813 0.0562211 -0.00175478 -0.00949071 -0.065589 -0.00512789 0.0135547
28.3354 -0.127631 -0.248615 0.993185 0.0338529 -0.441838 -0.0188286 -0.0682408 0.0209664 -0.00451107 -0.00220495 -0.0281413 0.0200574 -0.0386705
28.5618 -0.124327 -0.248608 0.990704 0.0329494 -0.417926 -0.0285828 -0.0662602 0.0145951 3.00608e-05 -0.0109602 0.24727 -0.112242 0.0299003
28.6629 -0.120324 -0.249752 0.989901 0.0325537 -0.426669 -0.0196998 -0.0691537 0.0395943 -0.0113177 -0.00793728 0.0531957 0.030836 -0.00050482
29.0307 -0.0985645 -0.249743 0.986914 0.031154 -0.405737 -0.0211658 -0.0740446 0.0591599 2.38617e-05 -0.00812295 0.0208092 -0.00207524 -0.0241694
29.2152 -0.0869428 -0.24981 0.984593 0.0304748 -0.401549 -0.020736 -0.0739665 0.0629986 -0.000358968 -0.0125816 -0.0795736 0.0045041 0.0125223
29.4934 -0.0755758 -0.249561 0.982062 0.0294786 -0.388342 -0.020938 -0.0759087 0.0408637 0.000893932 -0.00909829 -0.0292826 -0.00323567 0.0166955
29.8616 -0.0644988 -0.249671 0.980975 0.0282096 -0.38831 -0.0244407 -0.077073 0.0300806 -0.000297585 -0.00295027 -0.159114 -0.0464329 0.00928632
29.9691 -0.0631041 -0.25024 0.980765 0.0278495 -0.367021 -0.0191288 -0.0795726 0.0129698 -0.00529089 -0.00195164 0.119101 0.0354956 -0.0213684
30.1975 -0.0539317 -0.249597 0.979206 0.0270998 -0.358367 -0.0199855 -0.0795041 0.0401672 0.00281476 -0.00683124 0.0813735 0.00630582 0.00585501
30.5102 -0.0334178 -0.2481 0.977642 0.0261061 -0.345773 -0.0203884 -0.0774726 0.0656098 0.00478637 -0.00500058 -0.0501534 -0.0210624 0.0509454
30.7978 -0.0186967 -0.248466 0.980418 0.0252242 -0.337204 -0.0142967 -0.0833859 0.0511856 -0.0012712 0.00965138 -0.112562 0.0693484 -0.0782688
30.8986 -0.0146791 -0.247889 0.980595 0.024922 -0.311822 -0.0194399 -0.076877 0.0398323 0.00572348 0.00175695 0.177995 -0.013114 0.0132082
31.0978 0.000320035 -0.247269 0.981469 0.0243358 -0.31804 -0.0175993 -0.0748341 0.0752915 0.00311098 0.00438821 -0.137968 0.00549684 0.0256573
31.3987 0.010484 -0.245835 0.985111 0.0234766 -0.296275 -0.015873 -0.072548 0.033787 0.00476458 0.0121066 0.0613299 0.00699987 -0.000391481
32.0979 0.0640904 -0.239082 0.993385 0.0215949 -0.245039 -0.00957025 -0.0643864 0.0766686 0.00965886 0.0118329 -0.0177696 -0.00535735 -0.000434446
34.2662 0.146787 -0.243327 1.017 0.0166659 -0.163666 -0.0137383 -0.0422113 0.0381374 -0.00195788 0.0108908 0.0134393 0.00694901 -0.015168
34.97 0.18028 -0.241264 1.01715 0.0153218 -0.121724 -0.00954036 -0.031455 0.047595 0.00293229 0.000216784 0.113081 0.0283713 0.135562
35.3344 0.212646 -0.236427 1.03524 0.0146689 -0.101037 -0.00638774 -0.0233254 0.0888072 0.0132722 0.0496221 -0.0857741 -0.00576693 -0.0505363
36.0403 0.232596 -0.229932 1.04508 0.0134825 -0.0857565 -0.00139412 -0.00947052 0.0282641 0.00920161 0.0139514 -0.0752116 -0.021044 0.0435304
36.2051 0.235211 -0.228987 1.04857 0.0132196 -0.0749347 -3.85198e-05 -0.0117877 0.0158679 0.00573319 0.021126 0.0458335 -0.0118078 -0.0398746
36.5739 0.247297 -0.228479 1.05093 0.0126497 -0.0649519 0.000857326 -0.00777763 0.0327714 0.00137846 0.00642017 -0.000643179 -0.00197973 -0.00117471
37.9449 0.291019 -0.23031 1.05753 0.0107382 -0.0201043 -0.00071495 -0.00146003 0.0318895 -0.00133584 0.00480959 0.0164097 0.00368844 -0.00178505
