t x y z s fx fy fz dx dy dz ddx ddy ddz
0 0.290537 -0.221481 0.938347 1 0.00822407 -0.00288477 0.0166202 0 0 0 0.182019 -0.0638469 0.367845
0.100057 0.292359 -0.22212 0.94203 0.97981 0.000760782 -0.00148496 0.00151494 0.0182122 -0.00638832 0.0368054 -0.0325665 0.002067 -0.0999306
0.540968 0.294058 -0.224535 0.938831 0.895588 -0.0422289 -0.0030521 -0.0641007 0.00385326 -0.00547695 -0.00725512 -0.880665 0.0529789 -1.30694
0.571685 0.293345 -0.224653 0.937375 0.889998 -0.00249532 -0.00557274 8.91265e-05 -0.0231981 -0.0038496 -0.0474002 0.0755264 -0.00115956 0.231222
0.809255 0.292097 -0.225633 0.939164 0.847924 -0.00749027 -0.00694281 -0.00602182 -0.00525524 -0.00412508 0.00753117 0.0133111 0.00771464 -0.00880403
1.30393 0.292754 -0.225786 0.940735 0.766591 -0.013807 -0.0087888 -0.00954667 0.00132936 -0.000308871 0.00317607 -0.0453989 -0.00452498 -0.0287546
1.47658 0.29163 -0.225974 0.940427 0.74008 -0.0202811 0.00706462 -0.0158128 -0.00650912 -0.00109014 -0.00178864 -0.11287 0.36275 -0.123326
1.67161 0.286068 -0.21239 0.935387 0.711235 -0.0245062 -0.00477506 -0.0214556 -0.0285212 0.0696541 -0.02584 -0.00115704 -0.328355 -0.059202
1.83719 0.281314 -0.209859 0.929485 0.687629 -0.165045 0.146756 -0.0619196 -0.0287128 0.0152846 -0.0356428 -2.97447 3.08653 -0.7803
1.8677 0.277669 -0.20652 0.927672 0.683366 -0.0349527 0.00922048 -0.0266989 -0.119458 0.109449 -0.0594482 0.17078 -0.216056 0.0908987
2.17862 0.257037 -0.193377 0.917975 0.641398 -0.0695096 0.0473212 -0.042216 -0.066359 0.0422723 -0.0311859 -0.186436 0.486211 -0.0504227
2.33552 0.242035 -0.174773 0.911841 0.621208 -0.0705355 0.0419272 -0.0449636 -0.0956123 0.118563 -0.0390976 0.207785 -0.187792 0.0611104
2.63917 0.23216 -0.156087 0.905603 0.583923 -0.0855955 0.0628206 -0.0535225 -0.0325195 0.0615407 -0.0205418 0.0179404 -0.0110371 0.0116042
3.03726 0.222058 -0.133337 0.899265 0.53841 -0.111717 0.0824882 -0.0657521 -0.0253777 0.057147 -0.0159223 -0.289916 -0.0521989 -0.0808004
3.10567 0.218964 -0.129672 0.897797 0.530953 -0.107495 0.0883329 -0.0672036 -0.0452132 0.0535756 -0.0214505 -0.078782 0.00610596 -0.0617786
3.33574 0.204392 -0.117023 0.889592 0.506627 -0.119968 0.108639 -0.0755935 -0.0633382 0.0549804 -0.0356637 0.0360712 0.18259 -0.0125484
3.6034 0.190024 -0.0892263 0.879148 0.479725 -0.134796 0.126899 -0.084909 -0.0536836 0.103852 -0.0390224 0.0427345 -0.11436 0.0469453
3.90378 0.177754 -0.0683497 0.871662 0.451232 -0.150982 0.15338 -0.0963221 -0.0408468 0.0694998 -0.0249208 -0.0312842 0.0891683 -0.0383891
4.43929 0.146909 -0.00556127 0.847308 0.404568 -0.18092 0.301037 -0.14182 -0.0575998 0.11725 -0.0454785 0.084309 1.89179 -0.417333
4.47174 0.145128 0.000235756 0.845392 0.401901 -0.181226 0.217248 -0.131301 -0.0548639 0.17864 -0.0590212 0.115103 -0.211412 -0.112564
4.57223 0.140777 0.016053 0.838324 0.393751 -0.202623 0.280348 -0.141888 -0.0432967 0.157395 -0.0703333 -0.274179 0.880412 -0.159612
4.67173 0.133755 0.0404291 0.829746 0.385846 -0.20038 0.259235 -0.139496 -0.0705767 0.244993 -0.0862142 -0.00456127 -0.29658 0.122789
5.21514 0.0940559 0.0859821 0.819156 0.345386 -0.261717 0.257892 -0.141363 -0.0730553 0.0838274 -0.0194887 -0.424471 -0.99916 0.225668
5.25505 0.0904643 0.0877361 0.818738 0.342588 -0.295654 0.378028 -0.173477 -0.0899956 0.0439518 -0.0104825 -1.05882 1.70097 -0.49077
5.27596 0.0881198 0.0893987 0.818304 0.341131 -0.219361 0.283407 -0.145369 -0.112134 0.0795158 -0.0207435 0.727397 -0.499822 0.162758
5.37627 0.084191 0.0923455 0.817861 0.334226 -0.250538 0.307828 -0.152011 -0.0391648 0.0293762 -0.00441647 -0.0108962 0.0774984 0.000390678
6.1109 0.0495393 0.155749 0.814827 0.287743 -0.290986 0.365741 -0.155613 -0.0471694 0.0863081 -0.00412947 -0.0612337 -0.137984 0.0353786
6.24342 0.042213 0.164764 0.814901 0.280074 -0.309565 0.377444 -0.156011 -0.0552842 0.0680222 0.000558977 -0.283964 -0.0392043 0.023574
6.33955 0.0342738 0.170941 0.815173 0.274639 -0.312661 0.395657 -0.148777 -0.0825831 0.0642533 0.00282527 -0.115465 0.236854 0.178818
6.41553 0.0273328 0.17719 0.81642 0.270418 -0.308617 0.386433 -0.156451 -0.0913559 0.082249 0.0164115 0.150654 -0.139537 -0.0411517
6.78946 0.0142371 0.188435 0.816803 0.250571 -0.320191 0.396415 -0.156412 -0.0350214 0.0300715 0.00102348 0.0993363 -0.0562009 0.0022611
7.10805 0.013162 0.192311 0.817358 0.234816 -0.32452 0.399332 -0.156466 -0.00337446 0.0121667 0.00174383 -0.0142739 -0.0356223 0.00364453
7.47616 0.00998561 0.191962 0.818494 0.21784 -0.325733 0.399034 -0.156359 -0.0086289 -0.000946396 0.00308544 0.0622665 -0.00170676 -0.0041948
7.62723 0.010103 0.19178 0.818864 0.211234 -0.329774 0.395683 -0.155163 0.000777392 -0.00120423 0.00245175 -0.0395478 -0.0686733 0.0221702
7.98371 0.00535449 0.182624 0.822556 0.196429 -0.33832 0.387457 -0.148199 -0.0133207 -0.025685 0.010355 -0.0759166 0.00634436 0.0942973
8.11081 0.00243498 0.179462 0.825395 0.191405 -0.437981 0.195905 -0.126671 -0.0229698 -0.0248786 0.0223404 -2.19122 -4.16275 0.489374
8.17537 -0.00817908 0.160509 0.828877 0.188903 -0.343433 0.367808 -0.156197 -0.164422 -0.293601 0.0539314 0.419637 0.594319 -0.301094
8.34377 -0.0239675 0.12792 0.82942 0.182528 -0.375874 0.319837 -0.138494 -0.0937525 -0.193514 0.00322561 -0.0803135 0.0583286 0.185675
8.61186 -0.0548742 0.0802329 0.84363 0.17282 -0.399587 0.275754 -0.128887 -0.115284 -0.177877 0.0530037 0.134509 0.111043 -0.00469906
9.01176 -0.0794654 0.0268584 0.864074 0.159291 -0.444421 0.17935 -0.118201 -0.0614943 -0.133471 0.0511246 -0.401927 -0.923738 -0.20295
9.0774 -0.0852341 0.0141163 0.866556 0.157174 -0.392168 0.269197 -0.0960569 -0.0878784 -0.194109 0.0378021 0.937307 1.46769 0.260803
9.11565 -0.087224 0.00883938 0.868383 0.155953 -0.431057 0.214031 -0.108926 -0.0520319 -0.137979 0.0477763 0.0512898 0.252891 -0.0829474
9.31179 -0.0954564 -0.00849482 0.874563 0.149841 -0.431797 0.197696 -0.104002 -0.0419719 -0.0883767 0.031507 0.20538 0.179297 -0.0722003
9.51157 -0.0956444 -0.0189946 0.877975 0.143861 -0.435183 0.197379 -0.111904 -0.000941184 -0.0525567 0.0170828 0.0613685 0.336148 -0.287885
9.64364 -0.0946983 -0.0200724 0.87521 0.14004 -0.467941 0.149059 -0.0868201 0.00716388 -0.00816097 -0.0209388 -0.695521 -0.79576 0.407718
9.71186 -0.0974466 -0.0243328 0.875679 0.138106 -0.444382 0.176093 -0.100239 -0.0402859 -0.0624493 0.00687655 -0.0167639 0.00510871 0.0472913
9.98124 -0.109515 -0.0407844 0.880963 0.130727 -0.455875 0.160818 -0.097116 -0.0448017 -0.0610731 0.0196156 0.0147737 0.0313867 -0.0181221
10.6502 -0.132874 -0.067594 0.885975 0.114062 -0.494153 0.12901 -0.0926081 -0.0349188 -0.0400769 0.00749281 -0.312727 -0.114071 0.0119666
10.7117 -0.136205 -0.0704908 0.886482 0.112641 -0.480873 0.133124 -0.0891885 -0.054155 -0.0470935 0.00822889 0.0949159 0.0555501 0.0764618
10.912 -0.143245 -0.077695 0.891198 0.108134 -0.495872 0.113083 -0.0845956 -0.035143 -0.0359666 0.0235445 -0.112878 -0.248778 0.0480835
11.1523 -0.158203 -0.100696 0.89963 0.102966 -0.50612 0.0985169 -0.0751523 -0.0622622 -0.0957363 0.0350967 0.0519712 0.0583166 0.0529459
11.3516 -0.168549 -0.117461 0.908728 0.0988665 -0.517371 0.0827096 -0.0715918 -0.0519035 -0.0841128 0.0456497 0.0169007 0.0581568 -0.0862733
11.6118 -0.180912 -0.135412 0.914765 0.0937582 -0.537445 0.0630341 -0.0664003 -0.0475051 -0.0689776 0.0231972 -0.155649 -0.00790387 -0.0552529
11.7117 -0.187207 -0.142379 0.916531 0.0918691 -0.533037 0.0607808 -0.0588793 -0.0630474 -0.0697668 0.0176799 0.114538 0.0987347 0.0850099
11.8479 -0.193672 -0.150053 0.920519 0.0893523 -0.557321 0.044211 -0.0670767 -0.0474397 -0.0563126 0.0292638 -0.30737 -0.12378 -0.204999
11.9812 -0.205452 -0.159755 0.920778 0.0869577 -0.560033 0.0375792 -0.0714948 -0.0884002 -0.0728076 0.00194546 -0.0223968 -0.0222017 -0.251962
12.0798 -0.214389 -0.167152 0.918519 0.0852268 -0.559317 0.0358309 -0.060812 -0.0906093 -0.0749974 -0.0229061 0.197945 0.107854 0.0854649
12.4207 -0.222274 -0.180185 0.920642 0.0795054 -0.563978 0.0246243 -0.0593407 -0.0231296 -0.0382299 0.00622899 0.14335 0.0777891 0.019279
12.5474 -0.222903 -0.18378 0.921741 0.0774782 -0.571613 0.0172561 -0.0588441 -0.00496633 -0.0283735 0.00867175 -0.04495 -0.0244128 0.00321497
12.9794 -0.233435 -0.200591 0.926086 0.0709477 -0.584749 -0.00252205 -0.051601 -0.0243828 -0.0389188 0.0100605 -0.055414 -0.066569 0.0713555
13.1476 -0.239105 -0.209021 0.929798 0.0685563 -0.588186 -0.00555659 -0.0511537 -0.0337037 -0.050116 0.0220628 0.015648 0.075969 -0.022163
13.4812 -0.248607 -0.217285 0.934691 0.0640488 -0.59397 -0.014551 -0.0332213 -0.028483 -0.0247701 0.0146684 0.0936404 0.0114505 0.285716
13.5155 -0.249474 -0.218121 0.935531 0.0636024 -0.592041 -0.010547 -0.0500747 -0.0252705 -0.0243773 0.0244704 0.149751 0.117979 -0.124812
13.716 -0.248521 -0.218266 0.93542 0.0610553 -0.594153 -0.00868716 -0.0475018 0.00475424 -0.000722773 -0.000554164 0.0258909 0.116551 -0.013234
13.784 -0.248079 -0.217777 0.935321 0.0602154 -0.593351 -0.0133764 -0.0511297 0.00651357 0.00719705 -0.00145344 0.0314735 -0.0133975 -0.0886917
13.9478 -0.246167 -0.216958 0.932704 0.0582382 -0.594094 -0.0126089 -0.0489395 0.0116685 0.00500273 -0.0159799 -0.0348254 -0.00940365 0.048514
14.1499 -0.245232 -0.216331 0.931456 0.0558876 -0.593258 -0.0120285 -0.0510705 0.00463021 0.00310223 -0.00617511 -0.0199544 -0.00572507 0.0119935
14.516 -0.246211 -0.215962 0.930803 0.0518687 -0.436551 -0.0142588 -0.110426 -0.00267509 0.00100628 -0.00178429 3.48984 -0.057472 -1.29175
14.5492 -0.242457 -0.215992 0.929321 0.051519 -0.594836 -0.0135177 -0.052446 0.113125 -0.000900749 -0.0446472 -0.325215 -0.0364911 0.109479
14.7761 -0.233534 -0.218076 0.924827 0.0491899 -0.581554 -0.0139294 -0.0583578 0.0393183 -0.00918227 -0.0198013 -0.0795293 0.0178507 0.0313229
15.0837 -0.228965 -0.219212 0.9217 0.0462002 -0.576363 -0.0146899 -0.0596206 0.0148544 -0.00369127 -0.0101661 -0.0133599 0.0164847 0.056608
15.3657 -0.225839 -0.218942 0.923333 0.0436199 -0.559466 -0.0115686 -0.0612468 0.0110878 0.000956289 0.00579344 0.302347 0.0714402 -0.0444539
15.4218 -0.224261 -0.218663 0.923519 0.0431231 -0.559668 -0.0145987 -0.0653191 0.0280779 0.0049708 0.00329539 0.229967 -0.00955104 -0.133222
15.5839 -0.213676 -0.218108 0.920556 0.0417221 -0.55345 -0.0139375 -0.0653456 0.0653358 0.0034234 -0.0182885 0.06143 -0.00356663 -0.0240551
15.8835 -0.188582 -0.217402 0.912916 0.0392499 -0.526031 -0.0132007 -0.069514 0.0837433 0.00235466 -0.0254966 0.0797589 0.000237642 0.0696113
16.3837 -0.126733 -0.216165 0.91758 0.0354449 -0.499962 -0.0125762 -0.0702844 0.123641 0.00247354 0.00932519 -0.786031 -0.0120268 -0.115674
16.4841 -0.122242 -0.216038 0.917351 0.0347269 -0.317842 -0.00615728 -0.105664 0.0447331 0.00126618 -0.00228713 3.3025 0.129905 -0.869891
16.5514 -0.104284 -0.215365 0.913259 0.0342539 -0.45578 -0.0125495 -0.0680352 0.266921 0.0100061 -0.0608124 -0.587071 -0.0435805 0.169816
16.9202 -0.0856973 -0.217603 0.913931 0.031773 -0.426782 -0.014219 -0.0696871 0.0503941 -0.00606757 0.00182009 0.0753102 0.00181964 -0.0030193
17.4197 -0.0417402 -0.220179 0.914086 0.0286973 -0.393323 -0.0117944 -0.057138 0.0880087 -0.00515873 0.00031206 -0.227384 0.111947 0.277443
17.4876 -0.0368116 -0.220013 0.915388 0.0283027 -0.372625 -0.016059 -0.0678215 0.0725647 0.00244473 0.019156 0.152716 -0.00100618 -0.0247004
17.8546 0.0103948 -0.219251 0.919091 0.0262624 -0.330567 -0.0148723 -0.0613228 0.128616 0.00207543 0.0100902 -0.069456 0.00995342 0.0572265
18.1311 0.0406412 -0.217917 0.926253 0.0248234 -0.251461 -0.0248249 -0.0489557 0.109416 0.0048269 0.0259095 1.05185 -0.24472 0.142596
18.1925 0.051331 -0.218544 0.928383 0.0245145 -0.286267 -0.0147663 -0.0504481 0.174027 -0.0102052 0.0346686 -0.0825741 0.0216581 0.0454123
18.424 0.0871863 -0.219746 0.93884 0.0233848 -0.252461 -0.0152576 -0.0435308 0.154915 -0.00519246 0.0451793 -0.0885769 0.0279144 -0.0525608
18.8195 0.134604 -0.217432 0.948487 0.0215733 -0.223953 -0.00929015 -0.0276238 0.11988 0.00584886 0.0243893 -0.435306 0.0876588 0.129018
18.8875 0.140742 -0.21663 0.950741 0.0212764 -0.151521 -0.0128737 -0.0414427 0.0902871 0.011808 0.0331601 1.09091 -0.0210958 -0.243773
18.9555 0.151936 -0.215924 0.951868 0.0209833 -0.203813 -0.0137723 -0.0299364 0.164518 0.0103725 0.0165725 -0.460764 -0.0536471 0.01907
19.0875 0.165621 -0.215489 0.954387 0.0204265 -0.18512 -0.0128065 -0.0260959 0.103731 0.00329508 0.0190883 -0.228839 -0.0276571 0.0439312
19.3895 0.176075 -0.217017 0.96416 0.0192068 -0.111608 0.00463289 -0.0451819 0.0346119 -0.00505855 0.0323574 1.30523 0.409163 -0.619799
19.5587 0.219304 -0.206158 0.951889 0.0185556 -0.133637 -0.00704573 -0.0312221 0.255472 0.0641764 -0.0725195 -0.575405 -0.22645 0.169041
19.8608 0.243969 -0.207436 0.945408 0.0174474 -0.0950885 -0.0047634 -0.0344672 0.0816486 -0.00423174 -0.021454 0.0774414 -0.0117774 0.140718
20.1554 0.274746 -0.209705 0.951301 0.0164304 -0.0659984 -0.00345726 -0.027558 0.104464 -0.00770156 0.020004 -0.00369409 0.074628 0.0821816
20.5239 0.312737 -0.20241 0.969831 0.0152415 -0.0411705 0.00319614 -0.0199373 0.103103 0.0197973 0.0502861 -0.290747 0.00647335 -0.21797
20.6557 0.321275 -0.199689 0.972672 0.0148375 -0.0256537 0.00350388 -0.0109977 0.0647848 0.0206504 0.0215595 -0.0598995 -0.0484762 -0.0257162
21.1241 0.338478 -0.200651 0.977129 0.0134864 -0.00684568 0.00192915 0.00607728 0.0367294 -0.00205457 0.00951469 0.0329654 -0.0165396 0.278806
21.2411 0.343227 -0.201118 0.982059 0.0131685 -0.00442813 0.00211102 -2.06097e-05 0.0405865 -0.00398981 0.0421367 -0.0258431 0.00177686 -0.0295221
