t x y z s fx fy fz dx dy dz ddx ddy ddz
0 0.282568 -0.229018 0.7735 1 -0.00117231 -0.00152263 0.00564104 0 0 0 -0.0608705 -0.0790606 0.292904
0.185641 0.28047 -0.231743 0.783594 0.915047 0.0263977 -0.0366017 0.018063 -0.0113001 -0.0146769 0.0543749 0.0462357 0.0390819 -0.148268
0.521605 0.281892 -0.232262 0.785127 0.77923 0.0707902 -0.083799 0.0228604 0.00423347 -0.00154678 0.00456232 -0.170177 0.320144 -0.242242
0.554417 0.281848 -0.231968 0.785016 0.767097 0.0776443 -0.0941136 0.0309718 -0.00135037 0.00895778 -0.00338613 0.00175704 -0.0324219 0.177414
0.653089 0.281732 -0.2314 0.786409 0.73174 0.0884997 -0.107651 0.0321317 -0.001177 0.00575864 0.0141196 -0.047767 -0.0299578 -0.0448201
0.835856 0.279921 -0.231348 0.787493 0.670497 0.107956 -0.131806 0.0374122 -0.00990722 0.00028335 0.00592801 0.0259284 -0.0143195 -0.0119781
1.15368 0.279392 -0.232705 0.788167 0.575951 0.13958 -0.169866 0.0441719 -0.00166642 -0.00426781 0.00212103 0.00354265 0.0263141 -0.0227694
1.49176 0.279233 -0.23114 0.786281 0.489969 0.168142 -0.202163 0.0521513 -0.00046872 0.00462843 -0.00557684 -0.0145712 -0.0223498 0.211937
1.55394 0.279148 -0.230939 0.786754 0.475614 0.17295 -0.207767 0.0500748 -0.00137471 0.00323879 0.0076008 -0.00735409 -0.0250259 -0.0339218
1.65381 0.278937 -0.230865 0.787175 0.453433 0.179774 -0.214977 0.0517809 -0.00210913 0.000739582 0.00421321 -0.0266263 0.0600585 -0.0322591
2.06394 0.273593 -0.220459 0.783476 0.372674 0.197061 -0.234337 0.0510109 -0.0130296 0.0253719 -0.00901746 -0.213274 0.0446349 -0.112989
2.16341 0.270187 -0.217494 0.781462 0.355363 0.189209 -0.238473 0.0507017 -0.0342422 0.0298113 -0.0202556 -0.648412 0.00785049 -0.0353173
2.25909 0.260974 -0.214569 0.7792 0.339468 0.171591 -0.1741 0.0391318 -0.0962863 0.0305625 -0.0236349 -1.0747 3.51868 -0.560856
2.28951 0.257051 -0.210385 0.777962 0.334566 0.190671 -0.234319 0.0488037 -0.128974 0.137586 -0.0406939 0.185787 -0.222613 0.0669777
2.76535 0.237747 -0.195321 0.773764 0.266472 0.198433 -0.250779 0.0502982 -0.0405689 0.0316577 -0.00882305 -0.0103578 0.0191159 -0.0335296
3.19186 0.21856 -0.178341 0.763901 0.217304 0.203462 -0.249027 0.0436775 -0.0449866 0.0398108 -0.0231237 0.40761 0.1918 0.0220778
3.25681 0.217357 -0.174946 0.762493 0.210657 0.194935 -0.253687 0.0427617 -0.0185099 0.0522694 -0.0216897 -0.211953 -0.148962 0.0168054
3.38938 0.211179 -0.170634 0.759913 0.197716 0.195513 -0.250076 0.0400573 -0.0466083 0.0325216 -0.0194618 0.0430482 0.169882 -0.0471517
3.55748 0.20456 -0.160368 0.755309 0.182444 0.193078 -0.246343 0.0370609 -0.0393722 0.0610775 -0.0273876 -0.0404612 0.00900663 0.0174733
4.15998 0.166151 -0.120299 0.745151 0.136771 0.168828 -0.2181 0.0328978 -0.0637503 0.066504 -0.0168599 0.00919409 0.299847 0.113462
4.22538 0.16202 -0.114666 0.744533 0.132559 0.165279 -0.220004 0.0304482 -0.0631489 0.0861152 -0.00943908 -0.0371118 -0.0967777 -0.0314824
4.48928 0.142771 -0.0986808 0.73985 0.116842 0.151657 -0.21057 0.02725 -0.0729425 0.0605763 -0.0177471 0.0256419 0.00168043 0.0269545
4.85959 0.119276 -0.076018 0.736974 0.0978787 0.134674 -0.199322 0.0234019 -0.0634469 0.0611985 -0.00776541 -0.0119517 -0.207729 -0.138985
4.9573 0.112963 -0.0720217 0.734889 0.0934105 0.109493 -0.15635 0.0165258 -0.0646146 0.0409026 -0.0213448 -1.06436 2.00128 -0.34095
5.02506 0.103696 -0.0600596 0.731877 0.0904318 0.120436 -0.176656 0.0186747 -0.136742 0.176521 -0.0444496 0.267869 -0.243382 0.0234836
5.32591 0.0868026 -0.0289819 0.72063 0.0783135 0.104048 -0.149176 0.00924918 -0.0561543 0.1033 -0.0373846 -0.292091 0.156638 0.0411058
5.55911 0.0578238 0.0036251 0.714147 0.0700492 0.0812207 -0.124006 0.00481931 -0.124269 0.139827 -0.0277989 0.199103 -0.230879 0.0730625
5.92521 0.0390148 0.0238712 0.713763 0.0587983 0.0711271 -0.110127 0.00564106 -0.0513758 0.0553014 -0.00105041 0.116327 0.0601739 -0.0295173
6.10091 0.0335791 0.0354456 0.712667 0.0540595 0.0583563 -0.0920589 0.00458974 -0.0309365 0.0658743 -0.00623676 -0.442342 0.444754 -0.0203847
6.26941 0.0158076 0.0591726 0.711037 0.0498742 0.0453909 -0.0747061 0.00341847 -0.10547 0.140814 -0.00967154 0.0801558 -0.149023 0.00411856
6.49698 -0.00404305 0.0835001 0.709049 0.0447312 0.0339628 -0.0575197 0.000817349 -0.0872292 0.106901 -0.00873428 0.34282 -0.25759 -0.050825
6.62892 -0.00958422 0.0931202 0.707012 0.0419961 0.0229292 -0.0426391 0.00190963 -0.0419996 0.0729165 -0.0154398 -0.200258 0.229081 0.132838
6.73735 -0.0164928 0.10372 0.7069 0.0398739 0.0200883 -0.0368871 0.000247283 -0.0637138 0.097756 -0.00103612 0.0746769 -0.0947757 -0.0222696
6.99453 -0.0279396 0.122593 0.705161 0.0352592 0.0121998 -0.0226587 -0.00141821 -0.0445079 0.0733809 -0.00676358 0.0895331 -0.128743 -0.00864006
7.22908 -0.0334534 0.132721 0.703099 0.0315179 0.00697688 -0.00954748 -0.00291272 -0.0235078 0.043184 -0.00879011 -0.0583302 0.242536 0.0165929
7.3945 -0.038938 0.146501 0.702099 0.0291206 0.00444388 -0.00397942 -0.00338626 -0.0331565 0.0833033 -0.00604537 0.0978118 -0.321348 0.0224477
7.56206 -0.0417475 0.151437 0.701716 0.0268782 0.00267306 -0.000431833 -0.00324957 -0.0167675 0.0294592 -0.00228409 0.0364105 -0.097718 0.0237792
7.72945 -0.043534 0.15363 0.702 0.0248104 0.00117505 0.00240557 -0.00315556 -0.0106727 0.0131021 0.00169633 -0.0130804 0.0538061 -0.0121026
7.99332 -0.047261 0.160834 0.701605 0.021869 -0.00151473 0.00782447 -0.00336038 -0.0141242 0.0272999 -0.00149718 0.00535875 -0.0449037 0.00189053
8.39747 -0.052094 0.164533 0.701309 0.0180256 -0.00108042 0.00764455 -0.00257602 -0.0119585 0.0091521 -0.000733127 0.201578 -0.0837546 0.0404509
8.50104 -0.0511701 0.164582 0.701667 0.0171545 -0.0021283 0.00806617 -0.00312789 0.00892016 0.000477125 0.00345662 -0.0130054 -0.00640118 -0.0294263
8.63139 -0.0502284 0.164536 0.701617 0.0161178 -0.00188223 0.00778451 -0.00253022 0.007225 -0.000357223 -0.000378885 -0.0593855 0.00637699 0.0182072
8.76157 -0.0502943 0.164597 0.701877 0.0151449 -0.00155943 0.00710916 -0.00240845 -0.000506216 0.000472978 0.00199145 -0.0203133 -0.015931 -0.00348481
8.92926 -0.0509504 0.164229 0.702113 0.0139778 -0.00162851 0.00622296 -0.00225342 -0.00391255 -0.00219849 0.00140708 0.00557333 -0.00662992 -0.00922452
9.12937 -0.0515101 0.163523 0.702025 0.0127022 -0.0018561 0.00521903 -0.00213254 -0.00279729 -0.00352518 -0.000438798 -0.00466987 0.0100077 0.00553625
9.53081 -0.0533857 0.163721 0.702741 0.0104834 -0.00390406 0.00351456 -0.000345207 -0.00467198 0.000492345 0.00178369 -0.0437231 -0.0622329 0.0427555
