t x y z s fx fy fz dx dy dz ddx ddy ddz
0 0.314427 -0.21068 0.757885 1 -0.00207696 -0.00274482 0.00401692 0 0 0 -0.106973 -0.141372 0.206891
0.26882 0.306696 -0.220896 0.772836 0.880274 0.0357371 -0.0548431 0.023221 -0.0287566 -0.0380036 0.0556165 0.137473 0.243222 -0.274675
0.440735 0.305816 -0.220241 0.774279 0.811335 0.061628 -0.0827889 0.030743 -0.00512294 0.00380997 0.00839571 0.121232 -0.0597349 3.44752e-05
0.56876 0.307147 -0.220732 0.775355 0.763527 0.0770605 -0.10106 0.0352047 0.0103978 -0.0038376 0.00840012 -0.115957 0.0047855 -0.0030356
0.733558 0.305711 -0.221235 0.776657 0.706111 0.097791 -0.124264 0.0391512 -0.00871169 -0.00304896 0.00789986 0.0424998 -0.0331106 -0.0776502
0.868143 0.305309 -0.222245 0.776313 0.662439 0.112864 -0.140612 0.0423314 -0.00299186 -0.00750515 -0.00255068 -0.00160122 0.0607157 -0.0101371
1.06997 0.30464 -0.221286 0.775386 0.601957 0.134575 -0.163263 0.0463838 -0.00331503 0.00474891 -0.00459661 0.024137 -0.0161821 0.0312791
1.274 0.304968 -0.220991 0.77575 0.546425 0.153972 -0.184185 0.050264 0.00160976 0.00144719 0.00178542 -0.0525301 0.00396384 -0.023167
1.5526 0.301339 -0.22028 0.774449 0.478778 0.174536 -0.208259 0.0532849 -0.013025 0.00255151 -0.00466885 -0.00117299 0.0594929 -0.0219565
1.98001 0.295558 -0.208322 0.768443 0.390913 0.198015 -0.230338 0.0538227 -0.0135263 0.0279791 -0.0140532 -0.131155 -0.0738678 0.0321849
2.10032 0.292032 -0.206025 0.767218 0.369226 0.205196 -0.230831 0.0521281 -0.0293062 0.0190917 -0.0101809 0.0883868 0.25203 -0.0903481
2.23666 0.289679 -0.198737 0.764151 0.346103 0.209132 -0.233775 0.0509878 -0.0172562 0.0534517 -0.0224983 -0.0746806 0.0238815 -0.02019
2.56816 0.275752 -0.178394 0.754474 0.29574 0.210143 -0.231698 0.0429492 -0.042013 0.0613685 -0.0291913 -0.130853 0.0421601 -0.0919193
2.73713 0.264917 -0.16682 0.746917 0.272959 0.209652 -0.23495 0.0391149 -0.0641235 0.0684924 -0.0447232 0.0787604 -0.303927 0.0868097
2.86797 0.257876 -0.163062 0.742551 0.256533 0.209554 -0.233229 0.036441 -0.0538188 0.0287279 -0.0333654 0.082412 0.0990118 0.060634
3.10655 0.249726 -0.150571 0.738042 0.229081 0.211593 -0.232622 0.0343685 -0.0341565 0.0523507 -0.018899 0.00441595 -0.0792244 0.0175848
3.33601 0.242121 -0.14273 0.734632 0.205455 0.198646 -0.194028 0.0311184 -0.0331432 0.034172 -0.014864 -0.716204 2.05547 -0.080436
3.36822 0.240311 -0.139498 0.734069 0.20234 0.212175 -0.233877 0.03257 -0.0562092 0.10037 -0.0174545 0.121983 -0.406831 0.0236538
3.53776 0.234288 -0.134175 0.73179 0.186704 0.212072 -0.23305 0.0311975 -0.0355281 0.031396 -0.0134442 0.0399042 -0.0115522 -0.00615354
3.83664 0.227234 -0.125823 0.727222 0.162024 0.211647 -0.231321 0.0278359 -0.0236015 0.0279433 -0.0152834 -0.134085 0.15113 -0.0271623
4.23639 0.196372 -0.0905024 0.716772 0.134036 0.188663 -0.205786 0.02126 -0.0772021 0.0883577 -0.0261415 -0.0036224 -0.0779778 0.118508
4.33693 0.188573 -0.0824069 0.715342 0.127793 0.183664 -0.199883 0.0184479 -0.0775663 0.0805176 -0.0142265 0.0257843 -0.0313715 -0.0307207
4.6723 0.16546 -0.0589322 0.707115 0.108997 0.167998 -0.185545 0.0122789 -0.068919 0.0699966 -0.0245293 0.0188214 -0.0819743 0.0529355
4.80405 0.156706 -0.0511329 0.704803 0.102393 0.160231 -0.177889 0.0101955 -0.0664393 0.0591962 -0.0175549 -0.0649534 0.0909516 0.00811328
5.07216 0.134224 -0.0287238 0.700679 0.0901645 0.142464 -0.160931 0.00674741 -0.083854 0.0835814 -0.0153796 0.0299607 -0.0604196 -0.0125159
5.34202 0.113777 -0.0105686 0.695617 0.0793304 0.129418 -0.149125 0.00135375 -0.0757689 0.0672768 -0.0187571 0.171718 -0.0981266 -0.0542682
5.51258 0.10585 -0.00194862 0.69084 0.0731647 0.113117 -0.132656 0.00129184 -0.0464813 0.0505407 -0.0280129 -0.509494 0.505102 0.208374
5.64102 0.0914748 0.0128752 0.690679 0.06884 0.109225 -0.126988 -0.00341477 -0.11192 0.115416 -0.00124956 0.251186 -0.179847 -0.165118
5.77217 0.0811169 0.0249186 0.687675 0.0646876 0.103634 -0.120188 -0.00348636 -0.0789769 0.0918285 -0.022905 0.267493 -0.259161 0.0702631
5.91409 0.0752961 0.0327312 0.68584 0.0604759 0.0965873 -0.111837 -0.00443548 -0.0410132 0.0550473 -0.012933 -0.0491187 0.0212348 0.0543432
6.15397 0.0626314 0.0471579 0.685864 0.0539712 0.085255 -0.0976822 -0.00399903 -0.0527958 0.0601411 0.000102946 -0.0475773 0.112366 -0.00864771
6.37233 0.0488346 0.0656477 0.685474 0.0486605 0.0410923 -0.0198179 0.0218492 -0.0631847 0.0846771 -0.00178534 -1.66279 3.16239 1.33172
6.41187 0.043736 0.073941 0.687486 0.0477562 0.0662235 -0.069494 -0.000796705 -0.128937 0.209727 0.0508751 0.180216 -0.381515 -0.184213
6.74053 0.0208262 0.10166 0.684309 0.040862 0.0469844 -0.0481005 -0.00478342 -0.0697071 0.0843392 -0.009668 -0.0322051 0.00660739 0.0274224
7.21007 -0.0190039 0.142717 0.685815 0.0327029 0.0161935 -0.0105653 -0.00292687 -0.0848285 0.0874417 0.00320779 0.350785 -0.0277927 -0.044133
7.31273 -0.0240154 0.151401 0.685679 0.0311484 0.00981333 -0.00747648 -0.00363275 -0.0488173 0.0845885 -0.00132286 0.0853994 -0.272088 -0.0583932
7.50939 -0.030313 0.157513 0.683161 0.028374 0.00293571 0.00107273 -0.00467861 -0.0320226 0.0310797 -0.0128065 -0.0736085 0.154778 0.0600589
7.65473 -0.0365224 0.1653 0.682568 0.0264835 -0.00105168 0.00538013 -0.00522941 -0.0427214 0.0535762 -0.00407708 0.0548528 -0.0907119 0.0149803
8.14296 -0.0443051 0.169835 0.684148 0.0210084 -0.00294702 0.00370116 -0.00364392 -0.0159409 0.00928826 0.00323671 0.132558 -0.0984978 -0.0387662
8.24515 -0.0445498 0.169755 0.684074 0.0200142 -0.00488457 0.00503083 -0.0040337 -0.00239456 -0.000777334 -0.000724849 -0.0355838 0.0400992 -0.040467
8.37621 -0.0454749 0.170342 0.683284 0.0188078 -0.00583803 0.00580926 -0.00332534 -0.00705828 0.00447819 -0.00602857 -0.0380702 0.0496 0.0566665
8.54655 -0.0477818 0.172544 0.683901 0.0173478 -0.0059515 0.00662519 -0.00295407 -0.0135431 0.012927 0.00362389 0.0775366 -0.0318482 -0.00588993
8.74064 -0.0474896 0.173853 0.684383 0.0158219 -0.00532873 0.0058514 -0.00335532 0.00150583 0.00674561 0.00248073 -0.00323689 -0.0804958 -0.0517527
8.84091 -0.0473711 0.17372 0.684111 0.0150869 -0.00507222 0.00649669 -0.00281892 0.00118126 -0.00132594 -0.00270867 -0.00834352 0.0113001 0.0110412
9.14811 -0.0477956 0.174379 0.684321 0.013041 -0.00481937 0.00618334 -0.00232064 -0.00138188 0.00214545 0.000683188 0.000179916 -0.0143349 0.00267575
9.50806 -0.0482697 0.173294 0.684914 0.010994 -0.0066662 -0.000438103 -0.00339607 -0.00131712 -0.0030144 0.00164632 -0.109013 -0.235252 -0.0952712
9.54589 -0.0484756 0.172844 0.68484 0.0107984 -0.00391597 0.00443696 -0.000971708 -0.00544131 -0.0119145 -0.00195797 0.0585904 0.0839181 0.0492887
