t x y z s fx fy fz dx dy dz ddx ddy ddz
0 0.295046 -0.234833 0.786554 1 0.00223418 0.00141651 0.00160932 0 0 0 0.117831 0.0747072 0.0848763
0.368857 0.311078 -0.224669 0.798101 0.83596 0.0712785 -0.0645481 0.0238638 0.043463 0.0275563 0.0313072 -0.372641 -0.321883 -0.283167
0.436231 0.312314 -0.224273 0.798925 0.809044 0.0856473 -0.0720589 0.0303461 0.0183566 0.00586971 0.0122291 -0.0672143 -0.0215087 -0.0235547
0.939328 0.304537 -0.226764 0.799116 0.633633 0.145984 -0.148114 0.0469599 -0.0154587 -0.00495124 0.000378783 0.389738 0.158008 0.0590669
1.0048 0.305196 -0.226411 0.799394 0.613798 0.14369 -0.160127 0.0468638 0.0100587 0.00539404 0.00424607 -0.258945 -0.0897235 -0.073826
1.10451 0.303624 -0.226765 0.799083 0.584778 0.155886 -0.171808 0.0500971 -0.0157607 -0.00355229 -0.00311511 0.0438249 0.0182355 0.00892131
1.43976 0.303266 -0.225907 0.799042 0.496898 0.186667 -0.208915 0.0557327 -0.0010686 0.00256106 -0.000124286 -0.0339326 -0.00479052 -0.126322
1.51038 0.303021 -0.22575 0.798403 0.480139 0.193763 -0.217075 0.0615593 -0.00346515 0.00222272 -0.00904604 0.0497171 -0.0588965 0.176557
1.60439 0.303135 -0.226061 0.799113 0.458707 0.200693 -0.22368 0.06095 0.00120861 -0.00331396 0.00755154 -0.0154454 0.125054 -0.0738759
1.80445 0.302759 -0.221719 0.797667 0.416228 0.215502 -0.237898 0.0633276 -0.00188136 0.0217041 -0.00722793 0.0021046 -0.0011452 -0.00578815
2.07727 0.302402 -0.215883 0.795264 0.364566 0.232748 -0.251428 0.0648722 -0.00130718 0.0213916 -0.00880708 -0.0426592 0.159486 -0.0373887
2.37266 0.298294 -0.195648 0.7894 0.315835 0.244292 -0.25149 0.0634329 -0.0139083 0.0685021 -0.0198513 -0.0730858 -0.0196517 0.0148559
2.64265 0.289211 -0.178586 0.785123 0.277015 0.249016 -0.249953 0.0605313 -0.0336404 0.0631965 -0.0158405 0.0189703 0.0736151 -0.117314
2.94031 0.280878 -0.153252 0.770014 0.239722 0.253131 -0.241878 0.0486292 -0.0279937 0.0851088 -0.0507604 -0.0516872 -0.0877721 0.0380975
3.18635 0.270862 -0.137625 0.759831 0.212717 0.253003 -0.241756 0.0433853 -0.0407109 0.0635132 -0.0413868 0.0225554 -0.186575 0.125132
3.37422 0.264009 -0.132278 0.756472 0.194164 0.253019 -0.244535 0.0415306 -0.0364733 0.0284607 -0.0178777 0.0163199 -0.025836 0.00476602
3.57652 0.257299 -0.127578 0.753051 0.175991 0.253494 -0.247335 0.0400123 -0.0331719 0.0232341 -0.0169136 0.0383251 0.0185374 0.0136349
3.75272 0.252644 -0.122909 0.750494 0.161555 0.251037 -0.245715 0.0384904 -0.0264191 0.0265003 -0.0145112 -0.148775 0.172182 -0.012205
4.18397 0.213582 -0.0794591 0.741966 0.131022 0.220236 -0.213597 0.0320048 -0.0905781 0.100754 -0.0197745 0.0160007 -0.0780096 -0.0257922
4.54154 0.18324 -0.0534063 0.731597 0.110131 0.201817 -0.20224 0.0232705 -0.0848567 0.0728592 -0.0289972 0.225485 -0.244101 0.00393491
4.7099 0.175345 -0.0480588 0.726827 0.101483 0.181201 -0.182027 0.0174864 -0.0468957 0.0317642 -0.0283348 -0.78696 0.931387 -0.0940454
4.81262 0.162223 -0.0349674 0.722924 0.0965433 0.179482 -0.18075 0.0153786 -0.127736 0.127441 -0.0379956 0.102975 -0.0301658 0.0225746
5.21099 0.127679 0.0110137 0.71137 0.0795576 0.151723 -0.138437 0.00644796 -0.0867141 0.115424 -0.0290026 -0.0517497 0.221186 0.0372045
5.44303 0.104771 0.0497055 0.706644 0.0710773 0.130799 -0.107482 0.00271738 -0.098722 0.166747 -0.0203697 -0.0498246 -0.235149 0.00842525
5.60911 0.087001 0.0709132 0.703493 0.0655682 0.115833 -0.0916236 0.00105236 -0.106997 0.127693 -0.0189704 0.0336606 -0.207181 0.0538145
5.84495 0.0636393 0.0895047 0.702012 0.058471 0.0959586 -0.0741101 0.000655725 -0.0990587 0.078832 -0.00627895 0.0468226 0.128632 0.0171615
6.00853 0.0486879 0.105842 0.701444 0.0540047 0.0886085 -0.0846774 0.00351182 -0.0913993 0.099874 -0.00347161 0.32769 -1.28755 0.163127
6.04453 0.0458223 0.107769 0.701531 0.0530685 0.0825892 -0.0634862 0.00121163 -0.0796031 0.0535248 0.00240061 0.088129 -0.0315056 0.0050755
6.3768 0.0291023 0.122076 0.702889 0.0451585 0.0690936 -0.0524204 0.00373088 -0.0503201 0.0430564 0.00408707 -0.0285272 0.0277151 0.0205095
6.61401 0.015561 0.133848 0.705012 0.0402438 0.0597514 -0.04415 0.00558696 -0.0570869 0.0496305 0.00895201 0.132534 -0.0756981 -0.0400609
6.75354 0.0101759 0.1393 0.705482 0.0376065 0.0531863 -0.0397777 0.00640084 -0.038594 0.039068 0.00336216 -0.0664738 -0.0225128 -0.00813135
6.94512 0.000342293 0.145958 0.705827 0.0342647 0.0476019 -0.0367896 0.00580602 -0.051329 0.034755 0.00180437 0.154933 -0.119378 -0.0663774
7.14817 -0.00369223 0.148093 0.703457 0.0310464 -0.0901075 0.122691 0.0794913 -0.0198694 0.010515 -0.0116737 -7.10399 8.36697 3.99301
7.17697 -0.0101559 0.155335 0.706432 0.0306151 0.0332397 -0.0220316 0.00990001 -0.22445 0.251467 0.103317 0.699241 -0.774457 -0.378688
7.44443 -0.0201664 0.167191 0.706975 0.026885 0.0285621 -0.0152597 0.0087866 -0.0374272 0.0443266 0.00203096 0.0282016 0.0197834 -0.00611931
7.64659 -0.0265799 0.17696 0.707136 0.0243705 0.0223029 -0.00625618 0.00883904 -0.0317262 0.0483258 0.000793931 -0.0377864 0.0179962 -0.0180167
8.11494 -0.0497278 0.203541 0.703556 0.0194115 0.0049368 0.00734203 0.00592346 -0.0494237 0.0567545 -0.00764428 0.257481 -0.59318 0.0331115
8.18026 -0.0518574 0.204717 0.703198 0.0188053 0.00253835 0.013492 0.00547828 -0.0326069 0.0180121 -0.00548167 0.152589 -0.134266 0.0154126
8.31352 -0.0534929 0.204733 0.702741 0.0176266 0.000616776 0.0134179 0.00572213 -0.0122726 0.000119552 -0.00342776 0.0194359 -0.0276715 0.0370348
8.54457 -0.055291 0.203284 0.703926 0.0157552 -0.000445042 0.0120141 0.00663804 -0.00778183 -0.00627415 0.00512939 0.00192848 0.0476684 -0.0264886
8.81826 -0.0572763 0.205137 0.703346 0.0137939 -0.00128898 0.0127399 0.006112 -0.00725404 0.00677193 -0.0021201 0.022794 -0.0285216 0.00118114
9.05269 -0.0577241 0.205157 0.702914 0.0123092 -0.0012165 0.0106574 0.00603302 -0.00191045 8.56199e-05 -0.00184321 -0.00285791 -0.0739471 0.0113939
9.28092 -0.058309 0.201325 0.703086 0.0110175 -0.0024398 0.00637862 0.00280269 -0.00256272 -0.0167917 0.000757284 -0.0577144 0.0116469 -0.186539
